0.9018
0.9914
1.1548
2.017375
1.2711
3.3401
0.4579
0.8699
24.356125
0.5976
1.04275
0.3885
0.88695
1.7594
0.2518
0.68075
2.0061
0.2499
0.7661
2.641025
0.4475
1.08745
1.4321
1.5043
1.7686
11.203475
13.7057
13.7665
32.979075
34.766155
54.83775
55.6784545455
69.3238615385
0.3363
0.3528
0.406025
1.222225
2.1225
12.57395
27.5237666667
0.5921
1.2623
1.64395
17.955
46.18478
8.7303
0.5189
0.5194
1.1625
16.616275
0.4646
1.4476
1.88465
1.3525
6.84475
0.5429
11.2430
33.4213
27.1772666667
54.90705
0.4528
0.1449
0.25935
0.7304
2.18395
0.3214
1.071
0.5424
0.8335
1.74195
0.3168
0.2623
0.6442
0.8438
1.1681
19.23705
20.91382
31.1045083333
56.3138
69.8919
0.4877
1.0769
0.4431
1.5380
2.7828
0.3590
0.4290
0.3818
0.3695
0.5499
0.0000
11.7619
0.4976
7.0941
0.0970
0.1886
0.43255
0.5171
16.2839
15.09325
22.195
0.6520
1.8305
0.4570
0.73065
0.0926
1.5875
0.3925
1.9432
0.6960
0.5938
0.66585
0.4611
1.3146
1.60525
1.7525
19.2462
43.1106
0.4901
0.0429
0.4091
0.4922
4.58955
0.4404
1.35325
0.3974
14.492
0.5805
1.2586
48.065325
0.0563
0.1887
0.32695
0.479166666667
0.5667
1.43412
18.5059333333
0.3823
12.31155
0.5598
2.2038
6.121925
0.5029
4.2805
0.4614
3.75165
0.5189
17.8592
34.21625
24.904125
7.9920
0.1661
0.4329
0.6487
1.203275
0.4970
0.5407
1.401425
0.9293
1.6426
20.2392
10.9766
2.6986
55.602375
0.0532
0.10285
0.1422
0.17765
0.21386
0.280566666667
0.4532
3.57685
0.3525
0.4141
0.5923
1.15
20.20435
30.65193
58.4207285714
0.6652
7.33855
0.6274
0.5428
0.1362
1.0375
3.0414
7.9679
0.4548
0.9965
0.3985
15.9238
3.53545
36.5447666667
7.5562
2.5761
0.5421
0.8366
62.206
66.3017166667
0.5842
0.7452
0.3766
0.4617
0.58395
0.0363
0.6412
9.9562
1.2165
0.9314
0.5222
6.8249
0.4392
0.3317
0.5257
0.7997
10.9573
23.8985833333
23.13891
0.3036
0.3478
0.7241
0.5735
1.11615
0.9099
1.03315
31.3238666667
1.1982
1.7737
9.20373333333
4.7460
0.2334
1.7866
0.4148
0.4424
0.4762
3.1619
0.3166
0.4099
0.0679
1.5029
0.4101
42.73415
61.2023333333
0.4825
1.2988
1.42556666667
0.3870
1.08805
8.4454
0.3366
1.2535
1.2523
8.5423
0.4310
0.8098
1.2841
0.4334
1.8415
0.0587
0.5594
67.9280
999
1.0066
0.4519
0.6166
0.4804
0.3958
0.4158
0.5301
0.4276
0.4016
0.6554
0.3593
0.4903
0.8614
14.6827
36.6607
0.3778
0.1974
1.0949
0.4086
0.0668
1.1236
0.5104
0.1432
0.5699
0.4075
0.5879
0.4744
0.1651
0.6199
0.6790
0.5129
1.4734
0.4859
0.5355
0.0124
6.1897
0.4705
0.2002
0.8886
0.5545
0.4956
0.5212
1.0474
0.5066
0.7721
0.3930
0.4256
1.318
0.7140
1.4628
0.3261
1.16
0.6650
0.6122
0.4445
0.4539
1.06635
1.5688
1.1898
1.3729
1.4129
1.790275
0.5393
15.5254
33.1104
3.5190
0.1795
0.5145
0.6651
1.9153
25.1701
999.0
0.4027
0.5173
0.7608
1.8782
1.8064
0.7893
0.3701
0.4450
0.4003
0.4689
54.6396
10.8577
0.4096
0.5682
0.8688
1.4211
0.5365
1.3901
0.5741
0.6300
5.472025
0.4442
42.2728
44.5533
71.0145
0.7181
4.20285
0.3339
0.3782
0.4522
0.88385
0.9014
1.3599
10.1442
10.4983
14.5350666667
25.5017466667
23.33751875
29.1750
31.1737066667
47.3704730769
64.9426933333
18.9649
33.20095
1.1220
2.16615
25.6118
0.5368
1.8578
1.0051
1.517
1.8236
35.2928
0.6010
1.4138
1.52655
1.9630
47.9730375
0.9233
5.0813
0.4651
0.3803
0.9096
0.4997
0.4927
0.8865
1.1805
62.7492
0.3619
1.5888
11.6599666667
25.02305
47.67514
1.6626
10.5941
45.4874666667
1.7140
65.01295
0.3783
1.6637
1.8508
60.7388666667
67.2612
37.92535
0.3477
51.06265
0.4041
0.5721
1.71335
0.3278
0.4157
0.5316
10.9867
16.45555
54.1825666667
58.4186875
0.8963
1.30795
0.3556
0.3735
0.8869
13.62765
11.76395
12.35191
30.2776571429
68.1799625
0.7556
2.9885
0.3684
0.81685
0.4483
1.17675
0.5206
1.59045
17.7745666667
0.5687
9.5946
0.4283
42.961
1.8889
2.297
0.0009
0.03055
0.0350333333333
0.111425
0.12852
0.4814
0.5675
17.451575
0.4237
0.875
0.4274
0.5859
9.14205
0.6150
1.25295
0.4479
0.98775
2.4503
0.2639
11.13125
0.4342
1.1097
0.3560
0.8198
4.9628
13.8142
8.91375
0.3269
0.9021
1.140575
1.2457
1.54118
1.7714
10.3611333333
5.0122875
5.8118
67.35045
8.98806666667
1.0169
2.7612
65.0663
0.2116
1.2263
0.5396
1.4161
0.0652
0.2198
1.5022
0.4492
10.0158
6.6270
0.5321
0.6815
0.8119
0.9360
1.1723
11.1069
2.4740
33.055525
34.1715
26.8152333333
51.4656885714
0.6684
0.3718
0.4279
0.91125
33.2134333333
1.1849
0.4381
11.0043
37.790675
0.6648
64.5093
3.1687
35.4001
0.4606
0.6902
1.3806
1.4948
18.7355
0.4823
9.8958
0.4485
0.5143
1.401175
0.3102
3.0978
20.5620
1.0878
1.274
0.6467
8.5727
73.4006
0.3756
0.4116
0.8641
1.17575
15.6644333333
17.5260916667
1.5557
1.6773
1.89415
10.8958666667
17.413975
2.417
41.9682066667
0.3978
65.30215
1.3384
38.009
0.4371
1.0765
0.4150
0.87065
0.5177
0.85255
1.0826
56.9347166667
40.95724
999.0
0.5675
1.4890
2.6535
3.31233333333
4.3567125
0.1092
77.9277
0.6046
1.1607
3.87343333333
0.5332
1.50575
1.4547
1.84175
2.36076666667
60.0297
0.5058
0.5404
0.5236
2.18475
42.0182
0.4825
0.4923
0.4961
0.9407
1.10005
1.66163333333
13.0459125
39.3827583333
41.96380625
0.4071
1.3425
2.085975
1.0902
2.91705
0.5703
2.9757
35.6588
0.4135
1.09615
0.1024
0.1428
0.1815
0.1873
0.1910
0.1953
0.2134
0.22185
0.2354
0.24385
0.25965
0.2781
0.29854
0.423183333333
0.827977777778
1.47794
12.2152266667
26.2939181818
0.1345
0.3646
0.6132
1.0286
10.3732
0.4712
0.5366
0.1298
0.5341
66.4148
0.3251
0.6709
0.4512
0.8421
0.3966
0.4888
0.9733
2.8820
1.2611
0.4409
0.0391
0.5289
0.6393
0.4712
0.0009
0.0952
0.29245
0.48205
0.5774
0.4695
0.1030
0.1630
0.0784
0.4308
0.3557
0.7402
0.4494
0.6953
69.2953
67.3506
0.4767
0.0435
0.06875
0.120966666667
0.236675
0.8475
0.5139
0.9838
0.5652
0.2357
1.3597
0.0637
0.2872
2.3055
0.3710
1.2186
1.2215
0.0546
62.6100
0.7435
1.3510
3.6586
1.4348
65.1179
0.3819
1.4198
2.8536
1.7266
0.4241
0.6380
0.7384
0.97415
1.31425
45.8572888889
57.1981416667
0.3892
0.5910
1.1422
1.45805
0.4551
0.1346
68.64755
0.9578
0.4946
1.0243
0.5563
0.5434
2.1176
1.4063
0.4125
999
8.6838
2.1354
0.4856
0.7047
0.4145
0.6362
0.6354
0.4689
1.0477
0.3854
1.9930
0.5427
0.5924
1.0607
0.0237
0.5273
0.7582
0.8893
0.1978
1.2250
0.5893
1.0374
0.4518
0.4275
0.3928
0.4822
40.0089
0.0251
0.18445
4.25373333333
3.2464
1.6309
0.8957
0.5132
0.4074
1.4367
0.0771
0.4086
0.1499
0.1856
0.2476
0.252275
0.33155
0.407966666667
3.723825
0.5802
0.4501
0.4461
0.7084
0.7615
1.384525
1.878175
3.23098
43.250375
0.1559
1.5274
1.62726666667
1.4009
58.4717
0.2346
0.6947
3.75705
27.4227666667
0.3217
1.18695
0.4533
1.0316
0.0795
0.1569
0.226966666667
0.483325
0.81768
0.984333333333
0.9865
1.73374285714
2.22215
65.4402
37.9272
0.5815
1.1878
1.39163333333
0.3186
1.04485
21.7876333333
0.4363
0.5333
10.5066
12.98995
22.189975
30.8009833333
3.8584
1.7739
1.6389
0.3865
1.3422
0.4306
0.4500
0.4851
0.4007
29.9777
0.0493
0.4086
1.0434
10.4108
0.7386
5.4822
1.7545
0.4968
0.5787
0.1107
1.7669
0.5230
0.5959
33.461375
0.4632
1.0885
5.93625
0.5389
6.0798
71.6319
0.6645
0.6985
1.63895
0.4372
1.3336
1.405525
1.0376
1.42545
0.5780
1.02445
0.5726
1.4289
0.1431
0.19325
0.2250
0.251333333333
0.5793
65.08215
0.2989
38.09875
0.9240
64.5338
66.202975
0.1851
0.3555
0.4908
0.5080
0.5913
0.9346
1.0327
16.93125
2.06486666667
28.8048666667
14.643075
0.4755
0.8272
2.046
1.1723
2.2380
40.11585
17.2358
64.75904
0.5748
2.8291
1.0445
0.8727
2.4762
19.9258
1.0081
64.1549
0.5842
0.4405
1.0386
0.5855
1.67495
0.5370
31.971
10.7343
11.2236
21.597725
0.5527
0.7208
1.1184
1.15795
1.2459
1.6389
26.8056333333
33.76695
31.256004
0.4394
0.78415
0.5078
1.5097
1.77355
2.66333333333
0.4867
17.8676
0.7539
1.0025
1.70825
3.77811666667
0.2773
0.4363
0.794175
1.010775
1.0631
3.5236
4.9991
1.4251
1.80475
2.11296666667
4.3325
0.9359
11.0098
7.0902
0.8145
3.03315
0.0543
0.0923
0.1244
0.206125
33.5921
61.96905
0.4105
0.97345
0.0748
0.18265
0.1861
0.3176
0.422733333333
3.42765
50.6048133333
1.4652
1.5739
2.14296666667
0.4095
1.1316
0.4203
1.8186
0.3412
3.1519
5.5151
7.14393333333
0.3833
1.1004
0.4101
0.3361
0.5147
0.5671
0.9104
0.9706
12.89465
12.3788333333
15.1194
21.08906
44.8807428571
60.8694277778
0.8362
1.2812
1.3954
35.4465
25.8550666667
22.42515
0.6391
34.211
1.4489
4.45465
22.3693666667
0.2303
1.493
11.8806
0.1966
3.9098
1.4786
7.92955
0.9569
58.8585
0.4966
0.5537
1.159
37.918
0.4775
1.42235
1.0799
3.30895
1.4715
0.4032
0.4550
0.8623
1.01123333333
2.7148
0.2978
0.5710
30.93105
5.0975
0.0001
0.0165
0.0549
0.1328
0.14245
0.1626
0.1665
0.1760
0.21876
0.22335
0.2313
0.24935
0.39065
0.518388888889
6.84725
0.4559
0.8859
1.1292
1.2326
5.1729
0.5225
0.4322
0.4630
2.5942
0.6006
2.6983
0.3881
13.7711
0.5725
0.3534
0.4353
0.5233
0.3707
0.4471
0.5412
0.4485
0.3327
0.4569
0.5337
0.4191
76.4429
0.6597
0.0637
0.9264
0.2241
0.3429
1.4358
1.6386
45.929875
62.959125
1.8640
0.6306
4.1546
0.4344
0.6328
0.4791
0.3497
0.2815
3.6687
0.5569
2.7443
0.8492
3.3340
1.0237
0.7304
2.8809
0.3820
0.3557
0.5210
1.0973
0.1603
0.5710
0.6010
0.6975
0.5289
0.6074
12.9384
1.4854
68.6595
0.5672
1.3106
1.7971
0.3757
0.0856
0.4570
67.7414
0.3141
1.4650
999
1.8975
0.3748
2.0376
0.8383
4.8435
0.8115
0.4730
0.3513
0.4372
59.6540
0.5964
0.4953
0.8147
0.5426
0.1466
0.4541
0.5532
0.5777
0.6656
0.4835
0.4133
64.4571
0.9081
0.1492
0.4038
0.4735
0.4167
2.4418
18.8799
0.5666
0.4693
0.4446
0.8930
0.3924
3.3057
999
0.4294
0.6374
3.4542
0.9535
0.8998
2.14965
339.3656
0.4149
1.07205
4.99933333333
65.108625
0.3871
0.4513
0.920075
0.6319
0.9506
1.3464
1.58296666667
0.4759
14.9754
4.80115
49.32935
60.8708888889
0.4123
0.5917
0.97255
14.7482666667
0.4133
0.6602
1.066475
40.708075
0.8319
0.5332
0.9194
0.4584
0.5432
3.1387
5.0699
0.5259
0.9817
1.1146
1.495275
4.5381
0.5463
0.6110
0.8357
0.5699
0.5613
2.5079
1.3488
0.4756
1.1877
0.4211
0.5512
0.3489
0.5629
0.5354
0.6608
3.9625
0.6041
0.6675
0.5563
1.4661
0.6673
999
0.0486
8.9824
0.5874
0.4170
0.7231
2.09605
71.6970666667
999
0.8062
1.2183
15.59465
43.8997333333
36.5996375
0.4016
12.6041
3.40665
0.3846
2.77645
0.6676
1.82065
0.9131
2.2221
4.39545
30.5415333333
68.878525
0.0439
0.4484
0.4847
0.6104
0.7939
0.8791
1.0249
1.18325
1.2068
1.7554
10.2788
17.1869
17.9069
19.4039333333
2.52695
202.21135
177.795431429
124.231079167
122.171778571
116.146114706
111.345773684
112.368765
55.1191190476
0.0814
0.192
1.7115
5.9072
3.4169
0.0476
0.5667
1.3587
1.0667
0.5332
0.4415
4.00625
0.5952
0.4539
9.6554
0.5165
1.1176
0.2132
0.8860
0.5970
0.4681
0.0407
0.5814
1.1582
1.8341
19.9411
1.1594
2.37715
1.3839
0.5810
0.4967
0.7530
2.06165
0.3343
0.37705
0.7768
0.3229
0.3891
0.85465
23.9556
20.81
0.5164
0.6980
1.384
2.73268333333
3.46624
0.5366
1.2214
1.299775
0.2308
62.9587
0.3902
1.0726
38.72025
0.9362
6.6395
11.2491
10.7658
0.5249
1.4208
1.0489
61.35535
0.5424
0.62795
2.4024
4.68185
1.1699
8.13925
10.2424
0.3951
0.6480
1.6051
2.162525
2.699825
0.9117
0.9986
0.9845
0.8896
1.712
1.5030
29.66715
1.2640
35.1668
0.6919
34.482
0.4684
47.37955
1.2399
1.81545
0.4358
3.28495
0.4195
6.59775
0.4310
1.0559
16.8877
1.0322
7.6759
0.5496
0.7078
15.49055
38.1358166667
0.4970
0.62095
0.2441
1.6887
2.14455
2.91571666667
0.4653
0.5241
2.6646
0.3783
0.4860
0.5435
0.5838
0.9781
1.34235
10.97535
11.76685
19.7957
17.5183
27.2056
32.82165
30.0049566667
44.4277931818
0.3856
2.9191
14.5802
0.7046
1.6706
1.6758
35.6583666667
22.5486125
1.0446
2.4197
0.3222
40.50345
0.4043
0.4558
0.4091
1.63745
32.3126666667
0.1678
0.6286
0.641725
3.2320
47.07045
0.6575
0.6897
1.26315
1.80708333333
17.14314
57.2214166667
0.8403
51.6186
1.1013
11.7922
0.1120
0.18785
1.5127
1.6174
0.8746
0.0278
0.5236
73.9888
1.4112
0.0485
0.4682
75.3291
2.7532
1.2476
0.0807
0.6343
1.0409
0.3484
0.0818
0.1441
0.7557
0.4753
0.9211
0.4153
0.3135
0.0715
1.6856
0.4834
0.3814
0.9954
0.4714
0.8840
2.8311
0.8236
0.86105
2.3379
0.6182
0.6018
67.9145
0.5336
999
0.4079
0.4687
2.1221
3.1486
0.4176
0.3915
31.0499
0.3962
2.5932
11.5979
0.3984
0.4471
5.9047
0.6069
0.3786
0.2593
1.7516
6.8336
0.6041
56.7966
2.0853
1.6944
6.3624
1.6919
0.0177
1.1615
2.06085
2.2389
1.4666
0.4902
0.3293
15.6265
0.4023
0.9370
0.6579
2.9116
1.1032
0.9862
1.2086
0.6958
0.5134
0.8702
0.1466
0.7359
1.1253
1.0822
0.8173
0.5266
0.3548
6.6303
25.9193
65.5625
0.0954
0.9070
0.7802
3.1746
0.3927
1.9915
0.6848
0.5836
0.6188
0.5033
3.8574
5.4845
0.1324
0.4001
0.8224
1.3196
0.6266
0.4515
0.3783
2.5101
2.3818
0.3695
0.4423
0.2766
0.0304
0.4320
1.9264
64.9797
1.3800
999
999
0.4007
0.3278
0.4233
19.4937
17.15885
33.8742666667
0.3989
0.4554
0.5563
2.6547
2.8884
0.7324
0.4959
0.3581
0.4585
0.3309
0.3756
0.8800
0.4169
7.34225
5.9657
6.56945
0.2773
74.5646
0.4107
0.4583
1.2377
0.5012
3.2468
0.5143
0.1976
1.0699
64.3783
0.2276
0.4795
1.2102
3.6723
0.6890
30.81205
0.4908
1.0756
64.3287666667
999.0
0.1147
0.25945
0.5180
1.45025
0.3848
1.50275
0.1076
0.13785
0.7299
1.0627
1.4116
1.5675
14.7822
15.6187
23.9042
35.9743
50.27715
63.4637888889
42.0158
999.0
0.5775
0.96415
0.4371
68.85795
0.4557
11.26805
0.3707
1.49555
0.5058
0.5812
1.09215
1.30515
2.35086666667
0.0836
0.4717
0.5232
10.70555
0.5858
0.9141
0.4331
0.6464
2.977675
67.9659
4.9392
64.5569
0.6659
1.08455
1.8602
12.2597
0.5216
1.0349
13.9996
14.8123333333
0.2361
1.0428
1.86485
21.1924333333
20.04448
0.5451
1.8871
38.535525
0.3252
0.5476
0.873525
0.940275
10.9315
10.6903
15.2650
36.2449
43.7180555556
44.6478666667
51.2265142857
0.4423
12.702
0.0452
0.3650
48.377225
17.7440
45.7045
0.4338
0.5506
1.12695
13.06245
19.1294111111
0.4547
1.02465
41.4015
0.4912
0.7694
0.4585
0.9788
1.2395
10.3776
12.7958333333
39.1310916667
0.4194
1.529
3.2081
40.51615
0.4416
1.11175
0.5765
11.3076
3.0577
53.72675
0.4843
0.94065
0.1519
0.2178
0.2853
0.399
0.6513
1.0540
1.3838
2.9432
21.5424
34.552075
0.0494
13.8709
27.868475
0.4428
0.9178
11.5173333333
1.7258
40.3486
27.2783666667
0.4441
1.0788
5.698425
0.1128
0.29055
0.352933333333
15.7221
29.04125
38.2169
0.3164
0.3263
0.4517
0.826775
23.8459875
0.6604
1.1012
1.1154
22.9142
5.42478
0.6896
0.9714
1.19125
1.39215
1.77412
1.1515
2.82605
44.6356
0.0471
0.1935
0.5908
2.3002
24.5751
12.786875
0.4610
0.8843
28.6413
5.20063333333
0.5169
1.22875
48.4473
35.94765
3.7063
5.66235
0.4059
0.6574
15.6286
0.5887
1.5607
0.3050
0.4895
0.7522
0.9075
1.08805
11.4507333333
38.9631916667
12.5470
47.5355
0.4628
0.4932
1.4628
3.63685
4.7725375
1.3412
0.1527
0.23275
0.2816
0.462216666667
2.5561
58.1423
0.6389
1.6999
27.6606
60.1887
0.3116
0.3702
0.55905
52.28105
10.1073
10.3910
17.7267
19.295275
3.0079
45.905
58.121
1.9388
7.9873
0.0524
0.0559
0.0723
0.19985
0.5298
1.3042
1.4868
41.74155
0.3754
0.4759
1.4557
0.4161
0.5353
1.0149
5.20185
6.8127625
0.5652
61.51395
0.4725
2.72705
0.0700
0.1601
0.4244
0.2748
0.4035
1.1302
1.65545
0.3216
1.34925
0.8113
1.3362
1.7917
2.2326
25.4929166667
8.7394
0.4808
0.97955
0.4050
0.1199
1.01725
0.4836
0.0314
0.03775
0.047
0.051175
0.06214
0.0694166666667
0.0717428571429
0.1150125
0.176633333333
0.20565
0.4118
0.4465
0.6363
1.339175
13.1107
23.7514125
14.2279083333
5.3508875
0.5442
1.0421
63.68615
0.4265
1.3346
0.4219
0.6742
6.9314
0.6786
0.6039
0.4346
0.3976
0.4596
0.8878
0.4914
0.5267
0.4434
0.6342
43.517
1.3339
0.1393
0.31445
0.5233
0.4194
0.5042
1.17585
10.2864
3.94805
6.87386666667
0.8127
0.8066
0.3915
0.6391
1.4172
0.4266
32.0517
0.4703
0.5073
0.6067
25.1274
0.6024
0.6311
1.0397
1.2812
1.5511
1.61145
1.817525
1.9357
1.9955
10.35
10.3560
10.20025
11.5482
14.19062
21.4763666667
23.1880125
30.7896738095
33.9142096154
37.4049607843
0.7578
60.642
0.5193
0.3930
0.6014
0.5962
2.0748
0.5290
0.4602
1.2131
0.5007
0.4408
0.8105
0.4320
2.4747
999
2.2622
0.4025
1.2010
0.4847
0.4111
1.1543
9.7338
2.4106
0.4982
0.4351
1.0885
0.0613
0.3737
0.60175
0.4164
0.4001
1.0688
0.4475
1.1289
1.38855
26.7617
56.234225
0.2025
0.4587
1.6563
34.2850166667
0.4005
0.3776
0.3730
0.1476
0.0958
1.3469
0.5712
0.3444
0.4905
2.0898
0.7220
0.6909
0.5348
4.3580
0.3621
0.2843
0.4604
0.1775
0.0414
0.5701
0.5587
1.1539
8.6016
0.3605
3.8910
0.4268
0.0000
0.3856
1.2806
0.8098
0.4662
61.2151
2.1569
0.5090
0.3968
1.2834
0.0616
3.7989
0.5091
0.2049
0.5413
0.9034
0.9574
0.6373
9.4833
0.3697
0.3977
0.6322
1.3597
0.7748
0.7363
5.1773
0.6635
1.83715
16.3039666667
0.7950
26.3754
1.3438
5.5298
0.7839
1.4192
0.3618
0.5329
0.4129
999
0.3242
0.527
4.2678
0.9267
0.7210
1.2023
0.3781
0.6966
0.5677
0.4017
0.5329
0.6387
1.32705
0.3185
4.43835
0.8446
0.5630
0.5012
0.4314
0.5318
0.2322
0.4467
0.7048
0.6369
1.4887
1.8919
1.7847
0.0002
0.01995
0.1598
0.175066666667
0.1853
0.2772
0.29794
2.14724444444
0.0653
0.0668
0.079675
0.1146
0.1195
0.18465
0.1902
0.2289
0.2630
0.277394444444
0.2954
0.32255
0.3596
0.3652
0.4071
0.470833333333
0.554622222222
0.6986
0.70635
0.7448
0.8807
0.8811625
1.28858333333
1.3636
1.53751666667
1.68179636364
1.96439375
2.46651428571
3.10726333333
454.906537931
968.590880645
0.5059
1.1194
1.1992
64.484
65.725
0.3600
0.4705
1.13685
0.0160
0.0515
0.0516
0.0992
0.1052
0.1065
0.1181
0.1220
0.1291
0.1486
0.1529
0.1567
0.1629
0.1679
0.170233333333
0.1835
0.18715
0.1930
0.1977
0.1997
0.2011
0.20805
0.20885
0.216
0.222375
0.231166666667
0.24145
0.25768
0.26556
0.270294444444
0.270433333333
0.2794
0.28565
0.2894
0.2939
0.3058
0.306766666667
0.314027777778
0.316277777778
0.32371
0.32582
0.343433333333
0.34695
0.3597
0.385
0.392079166667
0.3979
0.4457
0.448728571429
0.484883333333
0.593066666667
0.878447619048
0.9227
1.24515555556
1.39745
1.52798571429
1.64057
12.44875
11.3406675325
12.5544680556
11.3069358289
202.95363
26.218602381
25.2648209677
69.8629601441
0.4912
0.9605
1.3391
17.245775
34.7920125
0.5630
4.10995
0.1405
0.1449
0.188
0.279566666667
4.0924125
1.5646
1.68125
10.2439666667
4.009975
0.5745
0.6011
2.9484
0.4348
0.87075
0.4429
1.024
11.8238333333
0.6698
0.8564
1.811775
1.1692
1.64395
0.6606
1.30385
0.5687
1.11265
1.4152
0.3825
0.8019
38.5486
1.4734
2.5236
0.4268
1.0904
0.4031
1.09435
1.2533
1.52015
0.7195
0.8446
1.2288
3.02055
0.3652
0.3885
0.4473
0.86605
17.747425
13.7510583333
0.2943
0.3415
0.79105
0.7237
1.8009
33.5289
61.5627833333
0.5686
0.61625
0.5779
0.6000
1.0401
1.1379
1.72495
19.0042222222
22.69795
28.0144875
0.4393
0.4505
2.058125
0.4982
1.15675
18.3861
41.25605
0.4056
0.882
13.5287
72.8691
0.4103
1.23525
0.5708
1.3348
1.92246666667
0.3892
0.93875
1.00793333333
0.4468
0.4764
0.961225
0.2912
0.4961
0.5957
0.6172
1.5810
1.799
10.5678
2.53126
0.3735
0.3405
0.4601
1.091825
1.0278
2.02235
2.51906666667
0.4358
0.6217
0.9284
13.0859166667
59.0372
23.1745
999.0
0.4957
0.5550
1.2704
0.0917
0.181
0.701533333333
28.3126
53.7705
61.6348666667
0.0365
0.04665
0.0930
0.235916666667
0.3893
0.2654
0.6001
0.3881
4.078
10.0423
0.1542
4.4208
0.5305
1.8693
0.5974
0.67355
32.0943333333
0.1621
0.1728
0.1865
0.2078
0.24185
0.4575
0.6714
1.72383333333
2.24652222222
32.6653833333
58.9255035714
62.9251363636
0.5362
0.6313
0.81685
2.980125
0.4200
0.3915
0.4056
0.4381
1.00235
1.35105
14.7366083333
5.205
5.7038
0.4116
1.22975
0.3440
17.5316
40.129425
39.138925
66.6105
999.0
0.6853
0.3481
7.9722
1.0075
0.8935
0.5255
2.416
0.5996
1.51035
0.2127
0.4404
2.19383333333
0.7259
0.9071
0.6292
1.1785
1.2971
1.3411
1.778125
17.4422
19.9750333333
14.7859
17.1103625
10.5828
38.2998
0.6585
2.2683
0.8898
2.84605
1.0352
2.32235
3.6935
999.0
1.1669
4.55165
0.0930
0.15555
0.208366666667
59.9223
0.4501
0.6512
0.4310
1.6868
0.3119
0.5363
1.0100
1.58475
23.6069
52.1505
60.51100625
1.0618
0.1750
1.0857
0.4350
1.2464
0.5306
0.4129
9.0737
61.4604
0.3156
0.3538
6.3840
0.9153
1.1897
63.8039
0.6355
1.3882
74.9885333333
0.1083
0.4409
0.4724
999
999
0.3742
0.5701
0.5574
1.2643
0.7747
0.5180
0.3405
0.6408
0.5001
61.8113
1.7050
0.6634
0.5676
0.2839
0.6782
0.3834
72.5297
0.4575
0.5912
0.0163
0.3441
53.9003
0.8629
0.4623
0.3426
0.4291
0.4881
20.0914
0.4218
1.1090
1.2174
0.7490
2.2241
0.5164
0.4077
67.3471
2.8969
0.5747
10.7479
3.9060
0.4617
0.1820
0.2929
0.1067
0.4131
1.2220
0.5644
0.3395
1.2888
0.9268
0.4471
1.4671
5.3924
0.3551
0.4673
0.4432
2.3553
0.7452
0.3270
0.4565
0.2910
0.3799
2.0628
0.4455
1.2508
1.5205
0.5205
1.3962
6.4973
0.4501
0.4687
0.3698
999
0.4685
71.20935
0.3568
56.6339
0.9056
1.2704
1.2992
1.6154
10.1277
12.07875
16.9967
14.8877222222
14.8730888889
26.6146
30.26445
66.8216583333
0.6375
0.7561
42.23635
59.040025
1.6332
0.0624
0.4623
0.3592
1.2597
0.6150
0.4609
0.0715
1.6081
0.4680
98.6827
0.4187
1.4210
1.1331
1.2764
0.9027
0.4059
4.0781
62.0766
0.3993
0.9995
1.3780
1.3060
0.7754
0.4125
0.4170
0.4174
0.5149
1.8212
0.5208
1.6151
0.5998
1.29155
0.4885
0.7461
2.0460
1.3057
0.5014
1.4989
0.4837
0.8052
0.5013
0.4114
1.9213
0.1327
0.17965
24.5309333333
0.0168
0.0674
0.11585
0.1294
0.1494
0.1771
0.2136
0.23175
0.3054
0.4164
0.48215
0.5933
0.8177
0.8368
1.06685
1.106075
1.42256666667
1.49623333333
1.497825
1.82495
1.8502625
12.4405333333
11.1579571429
14.9574767857
11.3548466667
14.9403484375
511.398075
49.7202547619
0.0107
0.0222
0.0232
0.0245
0.0427
0.0428
0.0429
0.0460
0.0533
0.0548
0.0556
0.056575
0.05925
0.0601
0.0639
0.0651
0.06615
0.06625
0.0728
0.0776
0.0834
0.0840333333333
0.0884
0.09105
0.0959333333333
0.0962
0.0982
0.0988666666667
0.100933333333
0.105225
0.1058
0.1078
0.10965
0.1131
0.135566666667
0.1389125
0.139575
0.1403
0.1536
0.163066666667
0.164866666667
0.1649
0.1959
0.1991
0.2081
0.2084
0.2214
0.226675
0.2278
0.23065
0.2353
0.240944444444
0.27885
0.2950
0.3047
0.3104
0.31456
0.3352
0.3525
0.3722
0.38905
0.448125
0.48972
0.5151
0.5322
0.5481
0.60555
0.61344
0.634912
0.691391666667
0.7844
0.7858
0.87045
0.979942857143
1.02019259259
1.197625
1.2486
1.31775
1.46634
1.47399545455
11.5178488889
10.6936339286
11.57408
10.3932382353
10.1874517544
22.3097741935
11.1113767974
28.2569796923
15.3832950658
15.9621043478
39.7310591362
0.1440
0.22545
0.3819
0.467833333333
0.63895
1.1492
0.4687
0.6127
1.0860
2.5486
31.7073
0.3515
2.1476
4.00353333333
0.6552
1.6979
0.4006
1.2148
1.0062
2.70945
15.6838
71.7382
999.0
0.0562
0.0834
0.8967
1.8867
0.2143
0.4866
0.0349
0.22795
0.4403
0.7104
6.39515
0.4048
0.4697
1.5488
0.0239
0.04295
0.0462
0.0536
0.0575
0.0625
0.0671
0.0784
0.09285
0.120825
0.1362
0.1393
0.159416666667
0.20016
0.2286
0.24765
0.2806
0.2849
0.32595
0.3539
0.3973
0.449004081633
0.5964
0.653766666667
0.80714
1.0465875
1.85880740741
2.96629047619
7.37817654321
0.4515
0.5410
1.5705
6.45271666667
0.6535
1.3419
0.3964
0.43275
1.02226666667
0.0273
0.0855
0.1434
0.256433333333
0.26045
1.9472
0.9346
1.4024
2.031675
69.580675
0.0002
0.0176
0.0491
0.0516
0.0539
0.0594
0.06705
0.0783
0.1242
0.12845
0.133366666667
0.13675
0.149633333333
0.1689
0.16975
0.1719
0.1864
0.1881
0.188766666667
0.1923
0.1942
0.20595
0.211475
0.2156
0.2215
0.239941666667
0.2472
0.2478
0.2564
0.26495
0.266233333333
0.28646
0.31275
0.31275
0.313233333333
0.3315
0.375433333333
0.3849
0.386533333333
0.4116
0.43369375
0.478028571429
0.487328571429
0.5279
0.5362
0.585066666667
0.62523125
0.663742857143
0.811575
1.55454166667
11.9185888889
13.0976947368
13.2601
14.61511375
15.0849833333
17.548825
17.7762575758
19.2774034286
199.118083333
101.741367692
34.2033566038
43.4779430041
66.4812809524
0.1692
0.27525
0.4870
1.0068
56.1493
57.82175
60.6981
62.0804916667
0.2859
1.4013
0.4583
999
0.3107
0.0127
0.1619
0.19265
0.4967
0.5409
1.7950
5.96925
0.4864
0.9884
5.8233
0.3618
0.9466
1.2897
2.3916
0.1157
3.2492
32.7427
46.41425
2.0052
0.3811
1.5088
1.9899
3.79165
0.8548
0.5852
1.76815
0.3995
0.4629
6.322525
0.8235
64.06815
1.2875
73.21415
0.6370
1.2154
0.1827
1.3441
0.4883
1.25865
8.5634
999.0
0.6474
3.3842
1.0669
1.3339
2.4562
0.2153
0.2992
3.751275
1.0708
1.23975
0.5577
1.25325
69.5563333333
0.4334
0.4905
13.36075
4.40116666667
54.1779875
0.5219
1.9072
2.89653333333
52.0591
19.3276
26.3276
41.74005
60.8665
0.4507
2.6283
24.2774333333
0.0734
0.45215
0.558566666667
9.49975
1.5529
2.60175
0.3911
0.4851
0.5609
0.7080
1.24135
17.2883333333
2.0343
2.3164
20.8699
13.8683333333
30.7834714286
40.0111416667
0.5002
7.2589
0.3348
0.4010
1.007025
0.8785
2.73015
26.7551
0.3816
0.98555
1.056
0.6116
2.2320
23.799675
999.0
0.7218
1.0484
3.4744
0.2971
0.47815
0.5093
2.63965
6.1078
999.0
0.5247
4.29165
0.9198
2.17725
0.1238
0.148
0.516133333333
1.07095
1.5041
5.4618
0.3739
16.1366
0.5291
1.8824
2.4571
30.9075333333
0.6194
0.6549
3.1269
0.6424
2.4002
0.4123
0.9829
0.9530
2.83015
0.2220
0.30095
0.351733333333
0.9544
10.3952
12.4273
28.9659
31.16748
47.43745
0.4501
0.4687
1.033125
1.681025
0.4797
1.0267
1.1906
0.3855
0.5000
0.8677
1.1402
17.4529833333
13.15296
18.4928714286
20.3295625
24.9927222222
45.90049
0.4776
0.6257
1.54505
0.4066
0.4165
0.7885
2.3663
0.3800
0.6934
0.8459
1.08455
1.15045
1.5524
1.7615
14.0475
2.01306666667
24.054925
16.6328657143
70.4265
1.1110
1.6241
18.0082
0.4771
0.5697
0.8359
11.3483
22.58695
4.35631666667
6.35120666667
1.6522
1.9692
4.41956666667
0.2079
0.7523
14.0615
34.5364
0.9240
18.3252
0.4602
0.8835
0.6329
40.90315
0.7104
1.0254
0.4203
1.01265
0.4317
0.6259
0.6731
1.33105
2.96115
0.4290
0.92755
0.3707
1.7389
0.3198
0.7545
1.0732
1.1414
2.35765
31.1082
5.1474
0.7781
0.93695
1.06013333333
0.4500
0.8093
1.0146
10.5164
15.5598
20.45905
23.2312416667
53.5594714286
0.5849
0.6862
1.734425
1.0402
2.8437
37.609325
0.4173
1.2102
4.4343
58.4185333333
0.6053
0.4655
0.0519
0.0819
0.4560
0.5175
1.1697
0.3714
1.1953
1.1693
1.5301
6.8278
0.6642
0.8359
0.8955
1.0384
15.9961
24.26331
60.1173857143
0.4964
0.5998
1.22245
2.102
3.9820375
3.9229
999
0.4534
0.5635
8.7927
9.6590
0.5944
4.3717
0.4648
4.9735
0.5567
0.3631
0.4274
1.1347
0.7796
0.3415
0.4859
0.3750
0.1831
0.4776
0.7246
0.5070
0.4416
2.8884
0.9803
68.21155
4.4508
0.5492
0.5987
0.3570
0.4238
0.9183
0.3657
0.9509
0.3297
3.2493
0.6604
0.4375
0.4026
0.7816
0.9649
0.9983
0.7322
0.4896
1.8903
0.2573
0.3293
0.5846
0.4300
0.3674
0.0142
0.08035
0.0946
0.1257
0.1589
0.1908
0.1991
0.204133333333
0.2210
0.224466666667
0.2376
0.24065
0.2549
0.255166666667
0.277225
0.2895125
0.30965
0.35228
0.3625
0.368883333333
0.390871428571
0.454571428571
0.5917
0.60974375
0.68546
12.5463
11.7464418182
18.27106875
8.49511383929
1.5440
0.1197
1.4178
0.6673
0.3887
0.9464
0.3580
0.8273
0.1718
2.5489
0.7307
0.8224
0.3615
0.4079
1.0950
13.5074
11.3277
11.7087875
33.7915
0.4277
1.4083
2.7090
0.3384
0.9975
0.5056
1.1836
0.3577
0.7185
1.1578
4.2601
0.4867
0.3609
0.8685
28.5371
0.5105
0.3997
1.3136
0.6191
0.4605
0.5091
1.9369
999
3.9491
0.4391
0.3696
3.2796
3.8516
0.4566
21.8947
0.5945
0.6200
1.6928
14.6388
0.4416
71.8818
0.4350
0.3060
1.6046
0.3535
999
0.3731
0.4040
0.3852
0.80245
42.5406
30.19225
2.8380
4.6866
0.4056
0.903
0.5566
1.26135
14.9526
15.8406
1.2624
1.8100
2.119525
25.852875
0.5455
1.16215
3.8346
36.1996
0.6177
69.04395
0.5221
0.0353
0.0776
0.08665
0.1097
0.141266666667
0.156741666667
0.181857142857
0.195075
0.238866666667
0.5549
32.3988
0.4702
1.8314
10.97045
2.3292
3.9132
0.0172
0.2489
0.3176
0.3232
0.35455
0.4248
0.4265
0.4302
0.5116
0.5559375
1.22165
10.3131
2.52572142857
36.5425755556
26.2779321429
0.1076
0.1149
0.26945
0.35585
0.544866666667
0.654033333333
1.26885625
0.6965
1.04405
2.20953333333
503.4432
242.59242
0.4725
0.96825
0.7243
33.7413
360.369933333
0.9467
1.89585
15.7139
21.953825
37.14792
0.5275
68.9273
0.5203
1.2496
4.54225
25.2968
0.4361
11.7512
32.72775
2.3334
34.8595
0.4806
62.1148
44.9698333333
1.0222
2.4434
0.3694
1.02725
0.4845
0.5789
18.3924
13.24375
37.8967166667
46.33094
0.4572
1.6026
0.4665
1.5067
0.5345
2.05615
0.4796
2.42005
2.5460
43.834
0.4342
1.0321
1.7284
2.02125
0.2935
2.863
0.0159
0.1592
0.4286
0.4315
1.49765
0.9437
3.6275
2.0540
2.2196
0.4514
0.6517
2.676
0.0452
0.15775
999
0.3332
0.6043
1.057425
1.1259
1.59775
28.6615666667
37.995025
0.3503
0.3852
1.183775
0.4638
1.1238
27.8446666667
999.0
0.3441
1.07265
53.8834333333
0.9793
17.763
19.4779
2.1997
19.5155166667
52.62204
62.3958
0.2795
0.3227
0.4437
0.3560
0.79165
0.9597
2.3660
53.3375375
0.4798
0.5306
44.2801
0.4888
1.08795
75.7114
0.4826
0.5009
20.70995
27.2153666667
1.0542
0.4106
0.8006
3.15083333333
0.5962
1.3392
1.42076666667
0.6742
34.0195
1.7010
1.9939
8.733625
0.0215
0.04105
0.0519333333333
0.060525
0.1306
0.14577
0.354957142857
0.0883
0.1109
0.128
1.233625
999
3.9941
35.05855
0.5113
1.2135
10.9113
36.8703
0.0717
0.1506
0.39555
0.592083333333
0.4407
1.09945
0.4444
3.47225
0.4128
35.8307
0.4548
0.4704
1.30065
1.47205
1.8039
6.01635
0.5332
0.6023
48.97875
57.1506833333
0.4306
0.6618
1.20386666667
0.3889
0.4558
0.6420
1.78445
13.6467833333
17.12046
19.2694583333
0.4680
0.7303
34.56805
29.2725333333
0.5259
4.0791
0.8421
2.3167
2.56925
8.2054
0.4540
0.5976
1.31325
0.4382
0.8108
0.8177
11.28725
5.7227
0.4363
0.5358
1.0372
1.2712
10.1661
10.04125
13.4450
2.49645
31.7695
32.64995
43.4358166667
0.4061
1.28935
1.81643333333
0.4083
0.5456
55.2688
0.3739
0.5390
10.4377
25.64575
31.0133444444
1.1305
3.7649
33.6312
0.4314
0.8098
1.186625
2.3134
999.0
0.4274
3.4734
62.9380666667
0.8719
0.93615
3.0761
0.0849
0.4049
0.4171
0.5621
0.5963
0.7345
1.1109
1.3527
2.884125
3.49195
4.52802
56.3082866667
0.6079
2.1365
0.4256
0.4415
1.104225
0.4920
1.4458
0.4103
5.1723
1.1024
2.45225
7.2453
8.11745
0.7313
1.24185
0.0961
0.14035
1.2486
2.13315
67.3005
503.95085
0.4674
1.4946
0.3829
0.5060
0.938525
0.3689
0.3966
0.4038
0.4699
0.4820
0.5126
0.5458
0.6973
0.8526
1.00305
1.0549
1.1452
1.1551
1.1567
1.214475
1.2703
1.94128333333
10.13835
10.4031
11.2676
11.5183
11.8694
13.87095
14.159375
11.1551166667
18.7260666667
20.404875
22.5742
27.2124666667
28.38185
3.0198
30.20848
33.1502
34.6888266667
16.3849125
40.4193111111
40.4412166667
42.079772
44.1801791667
46.1712816667
49.6799131579
52.9836609428
58.059097619
0.4089
2.1118
4.2503
0.5076
0.3822
1.0118
0.4765
0.4071
1.5796
0.4710
0.5483
0.6940
0.7235
1.03775
1.27993333333
1.9297125
37.33905
17.6152833333
0.0701
0.1177
0.9146
1.0134
13.065625
23.7778333333
69.1173
1.3508
1.7482
10.7117
12.2309
12.66575
2.95465
28.8923333333
32.205695
41.9447666667
0.0786
0.08505
0.0881
0.1815
0.2866
0.405466666667
0.59815
0.6856125
0.746666666667
0.9205
0.94172
1.0441
1.26756666667
10.4601444444
12.47915625
0.8306
1.3923
1.43185
27.8479333333
3.3923
40.80287
0.0968
0.2111
0.5193
1.18455
2.1064
43.0014333333
47.9177875
0.4948
0.96935
0.4012
0.3763
0.9258
0.955075
1.2187
1.4189
2.5041
26.7189
0.8656
0.0527
3.8049
2.0879
0.5683
0.4357
0.6603
0.4609
1.1918
0.5330
0.4583
0.4497
0.5549
1.00085
0.6895
1.3797
45.8918
0.4087
0.5117
0.3952
6.4057
0.4477
0.3104
0.9671
0.5563
9.0062
0.6420
0.4101
0.4981
0.0364
0.0545
0.06775
0.0927
2.0126
0.8010
0.5160
0.4151
0.4715
0.9796
0.9302
0.5128
0.5037
0.6879
0.4849
0.2531
0.1905
0.6116
61.9283
0.4776
0.3868
77.5152
1.2812
1.2889
0.0168
0.3722
0.8930
0.8818
0.4056
0.9369
0.0526
0.3839
7.0578
31.8031
0.6010
0.4870
0.3997
2.8478
10.3941
32.64705
0.6422
0.6333
0.5459
0.4391
0.9397
1.3402
0.6974
0.4769
0.7707
3.4136
0.9962
0.4560
0.1579
1.5756
0.4523
0.5689
0.3601
0.5933
27.06115
0.3671
0.2267
0.3298
0.7083
0.0329
1.2192
0.4968
1.1811
0.4112
8.4421
0.4271
0.0383
1.2605
0.5329
0.8385
2.3561
0.2036
0.447
2.4361
0.5443
1.3072
0.4476
1.03825
1.26596666667
0.5260
1.44855
2.9344
10.9997
60.5638
0.5401
0.4764
0.5776
0.6296
0.0546
1.5364
9.4605
0.4459
3.44275
1.5645
49.8662
0.0807
0.1227
0.5055
2.16755
0.4593
1.0682
0.6663
2.6361
0.5636
1.12605
72.7601
0.8976
1.2854
1.354
1.8309
9.9789
56.0497
1.8282
0.3607
1.04715
0.3886
0.6280
1.67475
0.1586
0.28705
0.2713
0.32305
0.400733333333
0.450575
0.9716
3.051
0.4279
0.5408
5.1948
0.3449
0.4141
1.5087
5.867575
1.1305
2.6106
0.1427
58.14595
0.3246
0.64485
1.3121
21.92505
21.43276
0.4555
1.1152
19.81445
22.4031
32.40465
33.91355
47.1262666667
52.4529083333
54.1987571429
0.2770
0.4542
2.55796666667
2.2390
33.8976
0.3824
0.4015
1.8346
77.9557
0.0415
0.14385
0.263433333333
0.3350
0.4125
0.5951
0.6516
0.7261
1.1848
1.253775
1.91606666667
3.7525
30.9650214286
15.4062
42.2444
0.7078
0.7475
0.9545
1.22365
1.6181
1.86745
1.9146
2.13916666667
25.88971
24.1389388889
54.4555272727
10.1567
17.7768
21.99255
20.03535
421.8059
1.9760
1.2008
1.35705
0.0230
0.0358
0.0613333333333
0.0781
26.71216
33.05665
0.7737
5.73445
0.4452
1.0181
2.88026666667
0.3719
15.10255
0.3312
1.1875
2.4301
37.21195
16.0894
33.1861
0.2237
0.34965
0.5037
1.3279
0.3992
0.4113
0.5229
1.1456
12.3144
17.7578555556
15.1188333333
45.9032714286
1.1965
1.31445
64.2828
0.4955
1.7703
0.3606
2.5946
4.14195
67.5535333333
0.7447
1.2201
1.57135
1.6768
0.6274
4.8462
1.1851
2.8437
7.19305
1.1247
1.1433
64.1545
0.7532
0.9113
1.1478
1.57215
17.72355
16.9870833333
10.9050066667
22.153475
25.7833666667
0.3093
1.1691
53.94975
0.4468
16.5202
0.3253
0.74395
96.5932
0.5002
0.4077
0.9734
1.234
1.8699
3.0364
1.9382
37.7113
0.4161
0.89635
0.1074
1.812
0.3765
1.2694
0.4811
8.55335
0.4969
0.94755
15.5139
48.4094
0.7027
1.7151
0.1948
0.48085
3.44093333333
0.3552
4.1545
0.4049
0.8283
0.5889
1.1809
1.364775
1.55725
0.3109
0.45595
0.8823
0.3946
0.5475
0.5239
0.1395
0.5307
0.7475
0.5099
0.3669
0.3835
0.5009
1.3343
2.8433
28.48045
4.983375
64.13648
0.6533
0.7859
2.9256
0.4088
0.3770
0.4572
0.2247
1.0131
0.1062
0.5325
1.4589
0.8165
0.3949
1.2861
0.6615
0.5488
0.5284
0.1726
0.5024
1.5472
2.3273
12.4861
1.6273
5.1834
67.2853
2.4348
1.2045
999
999
0.3470
0.5239
1.4237
0.3492
69.8044
0.5234
2.7992
0.4381
0.3679
0.3431
1.1948
1.9606
0.3763
0.0511
0.4174
0.3934
0.3048
0.4256
0.3720
0.8895
2.3392
0.5299
0.4692
3.0555
0.5307
53.0488
1.4299
68.0265
1.3188
0.8599
0.4562
0.4025
7.2063
6.1468
1.0943
0.4880
0.3060
0.3875
0.6264
1.9454
39.8309
1.0402
2.2805
2.0417
3.24615
0.4266
0.4684
0.5189
0.5296
1.3563
1.9503
12.9390
14.5712
15.8938
17.5670333333
20.43875
24.5000535714
31.3130454545
41.3707269231
3.4096
0.5556
18.2162
13.70365
25.1020666667
54.6877
2.2238
0.5183
999
12.3114
0.6363
0.4477
6.9422
0.8294
0.1594
0.59585
0.6972
0.7851
1.1627
1.5076
11.39285
21.1812
23.4043142857
21.52826
0.5349
55.9992
0.2804
10.8710
0.5359
0.6073
1.9389
0.3934
0.9179
0.5649
0.5367
1.35025
0.5199
0.5596
0.5038
0.5455
0.5403
0.3191
0.4612
0.4926
0.6897
0.4520
0.4041
0.6080
1.6128
57.82695
68.2729666667
74.47305
0.6028
0.4935
0.5197
3.3417
0.4421
1.4373
0.3700
13.3159
0.4692
70.8652
1.0573
14.4290
0.6126
0.9378
1.66325
0.1121
0.2131
0.3834
0.4401
0.79285
61.7665666667
0.6135
0.6032
1.1119
1.8472
2.0371
48.1456777778
0.4790
1.0961
2.73615
0.0489
0.9204
2.3655
2.93105
0.7567
3.43095
51.7538333333
0.5543
0.6916
0.6433
2.2573
0.4923
1.0718
35.42725
0.4633
0.4823
0.6012
1.611225
1.7108875
59.4165
0.8524
1.6544
31.3948333333
4.1487
6.3741
0.0264
0.0810
0.104475
0.1363
0.6774
13.008275
9.254725
0.4399
0.5544
0.3393
0.78575
0.8379
49.7183
0.5266
0.4199
0.4353
1.1667
0.9528
33.35175
0.0143
0.0364
0.0455
0.0492
0.07835
0.08285
0.0912
0.0977
0.0984
0.104766666667
0.1514
0.1616
0.16595
0.17555
0.1779
0.182466666667
0.1911
0.208175
0.2147
0.218433333333
0.2324
0.2646
0.268533333333
0.275825
0.2993
0.31885
0.37952
0.463625
0.4806
0.520125
0.822283333333
11.51138125
14.0803844444
16.166125
19.452147619
20.44532
24.2876
33.9369194444
38.5013287625
55.4340294444
0.0191
0.0269
0.0711
0.1897
0.2023
0.2178
0.2722
0.30165
0.369466666667
0.38765
0.4057
0.4866
0.6811
0.86705
1.0340
1.05783
1.22213571429
1.63799444444
15.2076428571
2.67417272727
2.89983916667
0.5040
0.5312
0.6853
0.9285
1.4583
1.90233333333
18.9526533333
14.9870375
46.1698111111
0.0851
0.1203
0.16955
31.1559
15.80375
27.6076833333
1.0198
1.8666
47.214025
999.0
0.4126
0.5219
1.0367
11.4265333333
46.3543
0.0722
0.1488
0.1463
0.4259
0.450975
60.660375
0.1953
0.27915
0.9692
1.55955
0.7914
16.59985
0.4695
61.98415
0.4785
8.19695
1.2180
1.4902
0.5348
1.3632
0.0322
0.14455
0.4515
0.9276
0.4996
0.96655
0.3369
2.55855
0.9421
2.01975
1.8343
38.5556
0.4131
1.40875
0.3746
0.9298
0.5988
32.69185
2.4847
2.7379
3.6279
1.2888
5.8312
1.0446
1.77345
25.5981333333
0.8744
1.6523
2.69135
3.17825
17.4274
2.1432
26.34965
4.2187
59.59175
0.4269
2.1998
4.965975
0.4979
1.9155
0.3888
500.3132
0.5644
1.97905
0.8811
1.33455
0.3433
4.5847
4.0440
999.0
0.4535
35.5493
0.4844
1.15545
0.6663
3.11975
14.9192
3.9008
530.90765
374.398016667
249.7421
0.6333
0.3685
0.5692
0.6139
0.7167
0.7814
1.0743
1.19185
1.4246
1.694025
10.9854
11.656
13.3002
17.4117533333
21.0009909091
30.2440666667
41.0654
58.1051444444
62.2831866667
64.2129947368
0.6408
34.96775
0.4668
1.0321
0.2142
1.8948
32.1715666667
0.1257
0.2361
0.3926
1.0747
0.4180
67.5358
0.3990
1.02875
0.3645
32.55655
0.4222
0.4579
0.4900
0.4952
0.9322
1.2001
1.2014
1.2069
1.2141
1.5243
11.23535
25.6007333333
22.1850533333
33.3207541667
40.3537181818
1.1469
3.21675
0.3246
1.6183
1.87865
3.19965
6.42283333333
0.4196
0.6001
0.92495
0.5394
0.4557
0.4152
0.4383
0.9824
1.1918
0.5162
1.2421
0.4102
9.4698
0.1544
0.4924
1.3271
0.3941
0.6730
1.1406
0.5299
4.46985
0.4121
0.89995
67.4889
0.7524
0.3538
1.8103
71.3464
3.1201
0.5447
0.4542
1.0646
9.7618
0.3037
1.3785
13.4462
0.3900
0.6655
6.2251
0.9813
1.9743
0.4148
1.1866
6.0124
0.5905
0.5880
0.4479
0.5946
0.7388
4.2579
0.3906
0.5591
0.4927
0.3860
0.9461
0.6923
1.1753
1.4396
0.7550
0.1700
1.1881
21.2203
1.8216
0.3730
0.5991
0.7581
0.5211
0.4803
8.9816
0.5382
0.4008
64.8579
999
0.4173
1.3584
73.3826
1.0311
0.3103
0.3235
1.81945
28.4776
0.0177
0.06385
0.1743
0.4523
0.5073
1.17965
0.4314
1.2179
1.5531
30.64915
0.5687
2.77305
0.4212
1.9697
0.6293
0.3722
0.6554
0.7785
0.4775
0.3679
0.4214
0.4765
3.6904
1.2284
0.6451
1.1490
0.3906
0.7291
1.1742
0.4815
0.2308
0.5256
0.8662
0.5047
72.3135
0.0362
0.4526
2.3356
0.4472
0.4636
0.4456
21.7848
0.4677
0.4153
1.1093
4.27155
0.1754
1.0481
1.2162
1.6062
1.62345
10.8002666667
11.1243
11.38095
15.22103
35.1170071429
60.9009944444
0.4682
0.3289
1.2054
0.6196
0.5058
0.7472
1.74295
40.4137166667
0.8421
1.1152
999
0.5449
1.2891
0.4186
9.3720
0.4532
1.1155
0.4494
2.5346
0.4309
1.0345
0.6283
0.4484
0.5736
2.9492
0.4678
66.7454
7.6777
10.3821
0.4192
1.0152
999
1.1250
1.9022
1.1050
2.1654
1.2275
999
0.7002
0.6237
1.4
0.4346
0.2986
0.3231
0.4650
1.0098
0.0700
0.9404
0.4421
1.0625
72.1735
0.4285
0.6427
1.168225
0.4267
0.5508
1.2235
63.3622833333
0.5495
1.16185
2.0675
3.1628
54.7975375
0.4371
0.93885
0.5130
1.59125
2.355
10.5542
39.58595
0.3684
59.78425
0.5463
64.28705
0.3676
0.4449
0.4755
0.4882
0.5034
0.5844
0.6010
0.7269
0.8225
1.0820
11.32995
11.4250
12.0265
12.353225
16.0518
18.88535
19.06805
19.4868
22.53269
29.63959
18.5927555556
34.37268
34.852575
4.5632
48.1580111111
50.4357075
51.2766553571
54.9796615385
61.4284413793
0.8820
2.0163
0.0800
11.3062
0.4336
0.4613
1.1543
4.31615
0.3831
1.15285
0.5181
1.40065
0.8163
1.48225
6.06013333333
0.4937
2.3839
0.9996
13.10835
0.3606
0.83825
0.0563
0.0653
0.08085
0.0914
0.17015
0.2204
0.2372
0.2695
0.3475
0.3683
0.51254
0.6338
0.712033333333
0.72085
0.8548
0.9915
1.1692
1.2281625
1.3003
1.4084
1.73799
1.9835
10.7185954545
10.4886897436
16.2030333333
2.51335
11.1275075
10.4199357143
8.6495515528
0.5940
18.5907
19.5327
35.0156
41.16505
52.63305
69.1099
39.6209
1.3792
74.3608
2.0534
2.85195
999.0
0.0717
0.1195
0.1328
0.8859
0.9801
1.0379
1.29275
1.5091
1.54756666667
1.72476875
1.77026666667
1.801
1.9456
11.9891375
12.1810
15.2385305556
15.3507
12.76485
14.6566
19.7014615385
27.5011
28.2786
3.32368928571
38.1973925926
50.8871095238
0.4740
0.5079
1.1847
13.0247666667
4.4474
0.4843
0.9741
1.78985
32.2029333333
0.1542
14.53815
3.3319
40.2813
1.6441
10.6971
13.48695
42.9454833333
0.4892
1.23085
0.4822
1.4119
0.7694
0.7825
0.9697
1.6487
0.4183
9.6313
0.7116
2.1426
0.2373
0.39805
0.599133333333
1.0344
46.827
45.7444
0.5121
35.09405
0.4591
36.2875
0.5222
1.1861
0.5445
0.8775
0.4558
22.99955
0.9479
2.84645
0.6862
1.01825
0.1131
0.2483
0.5871
1.04385
0.5183
1.1725
0.3933
0.7278
69.1503
13.7415
2.0902
24.77285
37.6858833333
0.4111
2.9848
0.5783
1.7223
1.9896
43.032925
44.13475
0.4286
0.7232
2.23295
0.0914
0.0951
0.11245
0.11905
0.13256
0.1703
0.1995
0.2212
0.239733333333
0.2800
0.2847
0.325928571429
0.35015
33.6845625
34.5559291667
39.1243
44.42875
62.9056485714
0.1630
1.2317
1.8346
28.5315
24.9534
0.6057
1.5541
0.0238
0.1268
0.178133333333
56.594325
0.4119
0.5681
1.32075
8.354775
0.3099
64.58725
0.5677
1.0337
2.4255
0.5177
0.93045
22.7515666667
0.5024
1.0526
0.3690
0.4202
1.72025
1.5576
61.5435
0.5579
0.8953
1.5968
10.63345
2.1995
25.9636
26.11815
28.215575
54.696116
0.1659
0.3848
0.4124
0.64685
0.966266666667
16.9951583333
0.9855
1.4345
2.9299
46.2172666667
0.4866
1.3524
0.5004
0.5977
1.0636
26.075
4.589925
73.31744
0.4352
0.58615
0.5436
0.9663
2.269075
0.4752
0.5387
1.30605
1.62595
0.7308
1.2116
64.3941
0.5613
1.3036
0.0167
0.1661
0.16635
0.220766666667
7.1784
0.6215
1.7126
12.8709
3.1346
0.7993
1.5874
1.67635
28.2136333333
0.0448
0.079
0.153733333333
0.2181
0.241925
0.33347
34.8210142857
1.0302
2.13065
0.5880
30.88615
0.3363
0.4740
1.45215
0.4120
2.18225
3.7658
0.5323
1.0519
0.8140
37.18395
0.4792
0.6018
1.0540
1.6243
2.75993333333
48.99687
999.0
0.1308
0.63055
0.3844
2.80155
0.7127
79.37515
0.7362
6.11265
2.5703
0.4884
0.4586
0.8488
5.4857
1.8838
1.4343
1.2515
0.3597
2.0115
0.8449
11.7301
5.2452
0.4541
0.1076
0.3679
1.3014
0.0785
0.4065
6.5612
0.4817
0.5105
0.4418
1.0915
0.3645
0.4595
1.4705
0.0392
0.0003
0.5928
8.6066
0.1399
0.4674
0.5088
54.0231
0.4654
66.9150
0.3748
0.3684
0.5815
0.0486
4.1315
1.2962
0.5721
3.0159
0.5665
0.3492
0.5470
5.3121
0.3952
0.5664
0.6064
2.4234
2.0189
0.4297
61.2752
1.2142
0.4725
0.6142
1.7275
3.6891
0.4199
4.4358
61.4804
0.0068
0.3296
0.45285
8.105675
0.2894
64.1192
0.9022
0.5436
0.4492
0.3426
0.4796
0.3607
0.6535
0.2501
2.0114
0.2616
0.5303
0.1599
0.5437
1.2537
0.5092
0.4762
9.4185
0.7146
0.7929
0.3215
0.5610
0.3499
56.8223
0.4250
0.4344
1.7552
0.4096
0.3101
0.8682
3.6607
0.4950
1.7117
0.4199
0.5739
2.1347
2.7619
0.5218
0.5365
0.0889
0.1988
2.1028
0.7292
0.5120
0.6150
0.6904
0.8002
1.6762
3.2527
16.5398
0.2556
0.30575
2.16083333333
12.5512
1.5806
0.8987
62.5959
0.4976
69.6455
0.0514
0.5105
0.3883
0.6407
0.4470
0.9398
0.4285
0.5588
0.7402
0.5092
0.3719
0.6431
2.03975
31.0731166667
34.14962
0.9840
18.8275
49.8400333333
19.132575
0.4612
2.37445
1.1043
0.0811
0.3510
40.8696
0.3015
0.4386
0.4342
0.9191
0.5301
0.4158
0.5226
0.3796
0.0568
0.0677
0.0758
0.0964
0.2026
0.3262
0.43725
0.517
0.6073
1.01798
1.06610857143
0.3778
27.4700
36.802
0.5374
1.34515
0.4249
0.4732
1.08625
2.5422
6.80878
0.4413
1.10205
0.5187
0.8458
0.2269
0.4664
0.0327
0.08455
1.1746
2.93005
0.6573
1.12815
5.5384
58.59095
1.0197
1.09515
0.5865
1.4623
0.3583
1.0518
0.3705
0.5069
0.6511
1.1340
1.23625
1.24
10.0575
10.88855
11.5821
12.6747
20.5890
26.98425
25.6713722222
29.9697666667
30.5183
35.2078
35.5758444444
207.751233333
160.646293651
119.63478125
115.773411765
54.7789722222
60.0264936842
10.0030
531.7578
0.0496
0.2723
0.4389
9.24015
0.3294
1.44795
0.1489
0.30615
1.6358
0.4982
0.4871
0.91085
6.25903333333
1.6303
9.6672
0.0772
0.1084
0.1391
0.18075
0.191375
0.22515
0.284633333333
0.29036
0.3408625
0.45166
0.627145454545
0.8428
69.9648
20.8186
46.94735
0.5017
0.6182
0.8823
1.967825
2.48345
3.50679
32.4960428571
105.0088
54.25095
0.3998
0.87105
64.4394666667
1.2933
3.4979
0.1086
0.1104
0.1165
0.2303
0.3467
0.3910
0.6999
0.8983
0.913375
1.07875
1.29185
1.3978
1.4511
1.5432
1.67723333333
1.81886428571
1.9464
12.0316833333
2.06476666667
2.53532857143
31.6636727273
35.27645
12.856095
52.5126117647
52.6368743056
0.5658
4.4754
54.623725
1.3976
0.4790
0.7399
34.21895
0.3673
2.8700
34.872275
52.27705
0.6273
1.8605
3.6718
40.91415
19.96094
0.3567
0.3639
0.3923
0.76905
0.8868625
12.7622
53.60145
0.1269
67.2414
0.5572
1.28055
0.8431
42.3878
0.6696
2.38035
0.9572
9.49485
0.7405
35.82885
2.5160
2.98945
0.8979
39.8836
0.5393
3.6193
3.7765
52.2024333333
0.9282
1.09895
4.1223
0.5260
0.8914
1.3627
1.7191
15.17105
14.0327833333
21.6705
26.50084
39.1854083333
41.318875
47.92494
0.4079
0.7483
59.4079
0.5012
1.0781
16.6720
3.78195
0.8374
1.9992
66.6438
51.09415
0.0324
0.05895
0.3871
5.6148
0.5691
9.7743
0.7178
5.42085
0.3716
0.7370
34.6996
0.3902
0.6041
1.0890
12.7105
2.5601
0.4535
0.2626
0.5535
0.5458
0.9259
2.4255
16.7471833333
5.54898
59.7238333333
0.4276
1.0266
4.46165
52.4028
46.70288
0.4489
0.99475
1.3071
5.6845
0.5035
1.21695
0.9285
0.6859
0.9918
1.6237
0.4142
0.7776
1.11525
1.9905
16.4672
16.5575166667
54.2214857143
0.4184
0.8135
1.0526
18.5492
19.45705
4.68794
5.132925
0.2068
1.1567
1.3252
1.45855
1.6403
1.76666
1.86065
2.1919
2.2255125
1.0400
0.4381
0.4682
0.4720
1.03365
1.0748
1.9742
18.1310166667
22.988425
33.885752
0.3684
0.4104
0.91535
0.9774
1.74238333333
22.92435
32.12074
0.4074
1.21205
0.3498
1.3265
0.4484
1.03565
0.3521
2.4331
0.3619
0.4855
0.4984
0.6392
1.09225
24.594775
55.15745
17.6883
62.5761
14.3000
13.0051
0.8007
1.59165
0.7201
0.7491
1.4651
2.418125
4.659475
51.91492
0.0932
0.4946
0.4532
1.12195
0.1443
0.68075
1.19026666667
0.4799
0.7856
1.0064
1.0098
1.28255
1.4029
22.35095
15.98971
19.8214
19.36176
0.3729
0.5767
1.3288
2.60443333333
0.3844
0.4636
0.8289
37.554975
63.0249
1.1710
1.1968
5.20345
0.2347
0.3769
0.7918
0.986975
60.0924875
0.3547
0.3640
0.4568
0.4961
0.5037
0.973925
1.29185
1.61578333333
13.0462
4.10422333333
0.4736
3.3518
0.5980
0.8414
16.6641
35.704175
0.9625
1.95365
0.9418
61.43695
0.0592
0.0791
0.16285
501.541825
0.4234
59.25345
62.7327666667
0.4350
1.06885
0.4978
0.5598
1.889725
2.09785
0.4124
1.40475
0.4706
0.5655
0.5922
69.3117
0.0196
0.03315
0.0481666666667
0.0513
0.0684
0.08224
0.104466666667
0.1170625
0.163388888889
0.208
0.4694
0.6701
1.50535
0.3779
1.0354
1.14335
10.9149666667
19.74845
173.953633333
0.6431
1.73335
2.0951
0.5765
12.1934
13.9199
32.26025
20.0507
2.1586
0.3605
1.2485
8.3633
0.0105
0.0707
0.4644
2.6452
0.8572
0.5785
0.4334
0.9898
0.2967
0.7954
0.4912
0.6432
1.3250
0.5400
0.4812
1.0349
1.0964
0.6562
0.4390
0.7003
0.4538
1.2059
0.0526
0.1478
11.6559
3.1148
1.0898
0.5589
0.4449
0.4528
1.063475
2.6648
2.7386
0.5186
60.5496
0.3834
2.3012
0.3668
1.6145
0.5543
84.4561
2.2091
0.2838
0.6549
1.2052
0.6647
0.4590
1.1078
0.0085
1.0216
67.4363
1.5616
0.5479
0.0964
0.1663
0.1826
249.90905
50.6636
0.4422
5.0953
4.1800
0.4426
0.4618
62.4843
0.9893
1.9801
0.3353
2.2182
4.4152
0.4630
1.7015
1.9612
0.4745
70.2055
0.5143
60.7609
0.7409
46.5916
2.0350
0.0163
0.4713
999
1.2126
0.3721
0.4075
1.0304
0.5506
0.4539
0.3781
3.1496
0.6019
0.5886
6.8948
0.5697
0.3906
0.7064
0.4288
0.4641
1.0672
0.4461
0.0981
0.4202
58.5852
0.4270
0.0834
0.5512
0.4895
0.5265
0.8886
1.1342
1.9002
10.0468
0.4016
0.4088
0.9966
13.14475
37.04905
20.12851
40.6998714286
25.4996
0.8510
0.4451
1.4857
0.3979
0.5016
0.4955
1.9397
0.0538
1.2930
0.5036
0.8835
0.6331
24.7128
0.8973
0.4872
0.4515
0.0987
0.17325
0.211233333333
10.1037
32.66605
0.9249
3.90065
0.9521
15.89165
0.5239
1.7178
0.4632
0.6456
1.2991
0.4119
33.02475
0.5618
1.0081
0.4828
1.2398
1.3467
1.1385
61.4384
27.5106
3.3377
0.0363
0.05275
1.2262
11.0576
26.62835
1.0600
40.9727
0.5481
1.20575
0.5325
0.9324
1.29695
34.181
69.26202
0.0964
0.0225
0.0275
0.04865
0.5524
0.6784
3.662025
0.4514
0.4651
1.4567
11.4241
15.0304333333
14.78122
4.5788
0.3862
0.8144
0.1064
0.20575
0.0194
0.0296
0.0380
0.0392
0.0529
0.0533
0.0547
0.0579666666667
0.05935
0.0651
0.06695
0.0738625
0.0817
0.0829
0.0833
0.0901
0.0977
0.110666666667
0.1184
0.119133333333
0.1235
0.137375
0.1454
0.1549
0.1742
0.1963
0.2248
0.2277
0.23015
0.2599
0.2611
0.28215
0.332666666667
0.3517
0.37095
0.3769
0.38595
0.3879
0.39305
0.3934
0.3983
0.39895
0.4048
0.4063
0.4467
0.461509090909
0.578
0.59255
0.6107
0.640912820513
0.6692125
0.669665
0.768175
0.7961
0.928835416667
0.99575
1.2450037037
1.27752962963
1.46556666667
1.6912
1.7242
1.85484166667
11.2909
10.9248619048
15.3284111455
10.8193013889
12.641840463
16.121
17.9007885572
0.4119
0.6189
0.9474
10.1197
18.944625
33.16925
44.57154
1.9517
15.8777
0.3785
0.5789
70.417825
0.4622
37.0747
27.8155
67.468525
0.4198
1.02645
1.35903333333
0.4633
1.2385
0.3019
0.3791
4.629
2.3102
5.0951
0.5380
7.17035
1.3623
36.60625
0.4130
1.9795
0.1700
0.63685
0.2774
42.10485
0.9272
5.58825
0.5764
1.17265
0.5256
1.04185
0.4462
1.3297
1.57825
0.5982
1.6924
1.9518
1.9925
11.46025
24.83001
42.5275857143
0.5025
1.11955
18.9449
3.6723
27.8415
0.6508
1.7052
7.7119
0.6922
60.75375
62.6238666667
0.6079
0.6157
2.18415
0.5205
0.5453
1.14355
2.16395
0.5850
0.4384
0.7920
2.491275
0.5732
1.81705
0.5322
0.79745
0.3022
0.515
29.7415
0.8799
0.9251
1.5463
1.720075
23.48515
0.1103
1.2195
1.8808
0.8096
2.04335
0.0122
3.4215
24.933625
1.1206
1.2928
2.733725
35.7856
0.7896
2.1692
3.10523333333
0.2632
0.8213
0.8981
0.94025
1.48896
0.5512
0.6872
0.3758
4.567
6.73763333333
2.7341
67.6614
0.5977
1.4048
8.33705
0.3497
0.3589
0.4483
0.5851
0.6985
12.86005
17.4292666667
34.36406
20.0374571429
0.0716
0.10385
0.112133333333
0.4049
0.5512
1.416725
1.8705
10.0419
16.0164266667
11.00681875
18.972695
40.354425
62.0353769231
0.5681
1.1986
1.26655
1.59676666667
2.130275
34.3442
44.5629533333
0.3986
73.99625
0.1906
0.1923
0.22265
0.240925
0.4165
0.6512
0.6617
0.7894
0.9549
1.0502
1.2277
1.4715
1.65201666667
13.460275
15.0657
17.1196142857
14.7969681818
36.3246307692
36.5250733333
63.5135052632
0.4730
0.5569
0.6891
2.7862
68.1264166667
0.7162
1.1771
2.9606
1.5657
2.2894
4.20556666667
0.1291
0.1698
0.6614
1.7559
2.142275
5.59165
1.9400
32.49345
0.9478
74.7197
1.8997
4.47775
3.1841
34.09245
0.2467
49.09205
0.9633
0.5316
0.6410
0.6568
0.7363
1.42775
1.4523
11.8711
13.4754
15.0397
14.6368666667
19.64806
23.0392166667
26.5386571429
31.4845
33.7218
41.10395
52.0426757143
0.5011
0.9363
2.80285
41.7340333333
1.0406
0.5282
15.2390
0.6726
0.0930
1.3003
0.0171
1.3110
0.4174
0.1031
64.3045
53.9080
0.5757
0.4285
0.3938
0.4981
1.586825
0.4338
0.4668
0.5223
0.5819
0.7343
1.43945
1.7335
12.50705
12.8312666667
27.964775
23.9207285714
51.31668125
0.0986
63.8281
0.0921
5.2210
0.5503
1.2954
0.4816
0.4007
0.0890
0.4967
0.9531
999
0.4182
0.3733
0.9364
0.3695
2.5603
0.4813
1.0162
0.4576
0.6583
1.0190
1.0654
0.3823
1.0825
0.5626
0.4570
0.9993
0.5146
0.5451
0.2399
0.5476
0.607
1.2328
10.2785666667
2.01615
38.6522166667
45.3641142857
1.1085
1.2219
11.7158
14.5584
14.72675
28.031475
40.91699
0.4762
1.1822
1.45135
0.3083
1.6852
7.3737
0.4068
0.1216
0.23595
0.9087
1.0247
1.1671
1.254
1.70405
11.1643
26.22330625
6.27200416667
52.6230
0.8549
0.8698
0.3923
0.6744
0.4424
0.3626
55.6136
0.4645
1.6978
0.5534
0.4520
0.1860
0.5237
1.0413
0.4193
0.8088
1.7455
0.6014
3.1900
0.3049
0.0380
0.1801
1.1835
1.1435
0.3513
0.5082
11.1225
9.8112
0.3517
0.3792
0.4903
1.0058
0.5876
0.2566
0.3405
0.3732
1.0286
1.1101
67.7296
0.3879
0.5227
0.5372
57.9824
0.2191
1.1296
0.4896
0.5079
1.2881
0.4213
0.4616
0.7152
2.8749
0.4100
0.6042
0.93035
0.5748
2.9854
0.2431
0.7291
0.6843
0.3932
0.3331
0.0822
0.6073
1.3509
999
0.1866
0.23095
0.4171
0.4544
0.6445
1.2873
2.7902875
0.0761
0.3988
0.4390
1.0333
1.2210
1.6594
13.1952
2.7721
16.6726333333
12.1826
14.4960571429
35.4239125
40.1457166667
41.42665
77.5485254545
0.7667
1.4347
1.5829
2.26965
41.12805
54.3449083333
2.8266
38.8803
0.4890
1.0001
1.27685
3.291
17.2498777778
999.0
0.8497
9.74
1.0966
1.1708
10.1005
20.9294
0.5702
1.222
1.8403
33.3928
0.4272
13.6164
0.5113
4.8976
0.4550
73.1902
0.3769
1.19225
0.5886
1.81055
0.3179
1.06845
0.7407
1.0752
0.5093
0.5116
8.4225
0.4667
0.4556
46.468
0.5054
0.4202
0.97475
0.3562
3.83845
0.0500
0.0533
0.2086
0.2168
0.302775
0.3598
0.3783
0.474788888889
0.5586875
0.74439
0.4010
0.4712
0.4292
0.4858
1.09795
1.28715
0.3383
1.0001
1.5095
14.8258
2.46445
20.6769
5.382125
5.68927777778
0.4252
1.0107
0.9125
1.09315
0.6567
1.71815
2.4913
0.3842
0.5969
0.9158
1.06445
4.3806
5.34131
0.6271
0.7307
44.532875
51.8385
66.74914
0.5203
1.73695
1.84836666667
0.3785
1.4324
2.40705
17.9810166667
0.7139
1.3877
2.11585
4.59843333333
48.33985
1.0405
35.8665
0.4249
3.1020
61.98745
0.4349
2.0348
0.7439
5.30415
0.4260
1.0644
0.2592
5.18235
0.3515
0.4019
14.36365
0.5539
0.4097
999.0
0.4083
21.1999
0.1377
0.14125
0.4030
1.5120
5.88775
5.8099
1.2467
2.00655
0.5956
0.84875
20.0482
0.5057
0.5065
0.8793
11.2889
3.13348333333
33.31108
0.4535
0.7736
1.4059
1.9949
24.2830
19.17055
17.2022
16.0607416667
15.611775
3.6628
54.9352222222
0.5432
1.44925
0.8670
1.4281
0.4085
4.59695
68.1327666667
1.8968
2.1195
0.4402
0.6488
0.847575
1.1337
9.5846875
0.4297
0.5244
1.3139
0.5972
1.83565
1.0108
36.0685
0.5931
34.52135
0.0869
90.6556
1.0982
0.4004
0.4016
0.9059
0.4736
1.7230
0.2093
0.2647
0.302166666667
0.5236
0.67265
40.5996
0.4719
1.538
0.6048
0.7652
2.13245
0.3672
12.5275
0.5622
1.00195
27.9833333333
0.4499
0.92375
0.4971
2.04425
0.4356
1.3616
0.3962
0.5178
1.0121
0.4458
1.5357
0.4631
0.3806
0.5168
0.5639
1.7100
0.5143
6.7914
0.5919
0.1562
0.5209
0.7535
2.62195
2.9541
19.9993777778
25.77385
29.4703
51.1649142857
1.1172
0.8193
0.6800
0.4349
0.6629
2.5643
0.4998
0.5889
0.9026
0.1227
0.5373
1.4686
17.4286
46.5366
1.1862
12.9725
1.5850
0.4341
0.4032
1.2718
0.4961
0.7784
0.5805
65.8231
0.0821
0.4666
1.0971
0.7739
64.5520
2.4680
0.5454
1.8585
0.6637
0.4486
0.4333
5.6590
0.2227
1.1277
0.4949
0.5681
0.1018
2.7501
0.5745
999
0.1834
0.5251
0.3927
0.6536
0.4049
0.4020
0.4902
0.1433
0.5512
0.6777
0.6824
0.7004
0.7389
1.86945
10.5446
10.96715
11.53195
12.718
14.0954066667
17.8733
18.4106
26.4079
19.1780675
27.6592653846
33.81175
37.5447933333
42.8089843137
3.2170
0.5523
0.9096
1.7391
0.4632
0.1022
0.3141
0.4777
0.5709
1.5194
0.3531
0.4468
2.7803
67.4966
54.3571
0.3489
0.7631
0.3255
76.0861
0.8164
2.0030
0.3871
68.9167
999
0.8293
0.5957
0.7478
9.2026
0.3550
0.8912
0.5578
0.5234
0.0342
0.7633
0.1603
0.6273
0.1246
0.5062
1.4723
0.0538
0.4347
3.4376
0.5714
2.5273
0.3689
0.3314
0.4700
0.4731
0.6542
1.0421
0.3831
7.1098
0.3353
0.4172
0.4841
999
6.6311
3.2363
0.3941
8.9012
0.4536
0.3690
0.5247
0.5320
0.8757
0.9474
0.3431
2.1443
61.7417
2.3193
0.5467
10.9604
1.2909
0.5088
12.9175
0.4307
0.4520
0.3956
1.5266
0.5317
0.5390
0.9035
0.8051
0.6398
0.5127
999
0.3696
1.1367
43.4971
0.0954
0.3863
0.4759
1.00915
11.8557
21.6687166667
32.85976
0.2900
0.4609
0.85925
0.3354
0.9641
2.069925
0.5963
59.6215
59.762225
0.4731
0.5280
1.23025
0.5507
1.3841
1.82925
0.8086
2.88205
0.9212
1.2676
1.7671
1.8036
33.4267
4.03223333333
56.0376
1.4865
0.8587
0.4582
0.3474
0.4802
0.5400
0.7590
0.4817
0.9547
1.3081
0.0628
0.4823
0.4058
0.8041
0.4856
0.4258
0.3939
