0.2835
4.2384
11.3525
10.45615
11.8672
28.6313666667
15.31115
1.5720
1.6464
12.312
21.61675
19.4002
0.8844
11.8188
18.292175
40.642175
0.0248
69.83665
0.0000
11.6244
11.88615
13.794375
17.90198
2.9132
3.48405
23.1954333333
5.67845416667
0.0899
2.76215
4.10853333333
0.0795
0.1196
0.1387
0.331016666667
2.3967
31.91576
52.496575
0.0127
64.7346
1.9545
2.5961
2.69905
53.5259833333
0.0367
0.2886
0.4381
0.6734
18.6542444444
24.0198166667
0.0566
0.0844
0.2566
0.2989
0.9115
1.405475
1.4874
1.6564
17.26859375
11.432775
12.45544
16.2429818182
40.8249916667
0.8696
4.67405
2.7690
34.7374
0.0489
0.0631
0.0970666666667
0.0983
33.6795
0.1043
0.1447
0.21235
0.4198
41.2343
61.1678
62.9058333333
0.1241
0.1671
0.18565
0.37995
0.8627
1.10051666667
1.63772
1.7324
12.1018541667
13.32949
0.0419
0.0362
0.11705
1.4180
9.72361666667
1.3053
0.7003
13.9548
10.8826
2.91965
2.0593
66.85295
0.0686
0.0612
0.16205
0.0264
0.287
0.0868
4.06305
6.0960
0.1766
0.4773
0.0000
0.00145
0.0194
0.03775
0.0255
0.03945
0.0757
0.11155
0.4308
2.1745
43.4405
0.4376
3.09385
4.3077
0.0989
0.0000
0.0
0.0
0.0
0.0
0.0
0.0
0.105
0.0738
0.1203
12.3879
10.14245
24.7985
16.5117166667
18.13646
38.05795
0.0453
0.05515
0.0602
0.0643166666667
0.0728
12.7550
12.098
19.30215
17.0905
15.0104083333
14.0542142857
30.5425625
36.7155444444
0.0260
1.9479
10.4411
11.1270
11.3694
13.9111
13.4415
21.4173
17.8537833333
30.27474
40.728675
49.97326875
0.1503
0.0093
0.06445
78.6171
1.3223
0.0000
0.4371
2.05175
0.1953
0.2342
0.4024
1.3935
1.9949
17.333925
2.35035
2.53768666667
3.357025
10.54845
1.8636
35.2765
1.3357
3.3657
22.1331666667
1.8698
11.2728
30.2062
43.8134833333
0.2229
20.1313
42.6924666667
13.0198
34.08615
67.4108
72.1325
0.8977
1.9252
0.9897
21.794
18.6973666667
6.696025
0.0430
5.7904
0.3497
0.5050
0.6158
0.64295
0.848
4.2227
0.0076
0.0096
0.11985
0.1734
0.2453
0.3263
0.47539
1.7646
10.7807142857
23.5120375
19.84447
0.1761
0.3217
0.497566666667
0.4926
40.3358
0.1419
0.40305
1.5444
46.68555
55.38252
0.0000
0.0
0.0
0.0
0.0
0.0
0.0
0.0
0.9424
5.349
2.8577
62.1693
1.7786
69.4810
20.2020
0.5266
0.0429
2.2290
2.2835
4.05405
5.15393333333
64.8050
2.2949
0.1631
12.14965
2.86206666667
3.495575
0.1384
0.0392
0.2148
0.4320
0.4722
0.57695
10.8643666667
12.3100333333
14.511775
21.452415
0.0182
0.0520
0.0000
0.0200
0.0717
0.5208
0.0161
0.0133
2.1502
3.87395
4.89393333333
0.3057
0.9522
2.16075
2.9440
5.833
57.95472
0.0651
0.32325
0.9608
2.6089
0.4592
0.6213
3.2149
0.1466
0.20135
0.2256
0.398175
3.0708
0.0000
0.0000
0.12655
60.3295
1.8821
1.6026
1.4531
0.0852
71.1528
2.0188
1.2400
0.0735
0.1451
0.3569
0.4043
0.2942
0.2329
0.0633
0.6049
0.0000
0.8191
3.9656
0.0535
12.1147
2.3853
2.0865
0.0494
3.6213
1.4427
5.3841
2.5752
0.8897
5.1522
9.1869
5.3159
9.3776
3.2743
0.0100
0.10745
3.3787
0.2797
0.3407
3.0120
3.1597
6.0675
2.4953
0.1369
84.5496
0.0000
12.0404
2.4406
0.0000
3.5539
1.7708
2.9331
0.0000
4.5898
72.1021
0.0262
4.5082
68.6789
3.0633
15.4555
11.6251
3.0454
0.0255
1.5273
64.0769
0.0669
1.0220
69.0554
7.9729
0.5978
1.2182
25.19995
2.6398
0.0705
0.1188
0.2262
0.2872
0.494433333333
0.6953
0.817425
1.19865
1.5138
1.6943
1.79795
10.29452
10.5744166667
16.0291
12.6808
20.62861
3.4838
39.1817384615
45.1515488889
60.4450444444
0.0000
0.0267
0.4186
0.500275
0.5562
15.36585
0.0000
0.0300
0.08865
0.1741
7.4234
0.0000
0.0000
0.0399
0.0558
0.0584
0.07598
0.110933333333
0.138971428571
0.280325
0.939933333333
0.0000
1.9512
0.2772
0.0589
2.1607
0.8302
1.6885
81.9540
2.0522
2.2079
8.7140
68.4249
4.7667
0.2314
18.2688
0.0101
0.0437
0.0810
0.0973
0.1217
0.15335
0.2059
0.77575
0.878166666667
0.919166666667
0.941208333333
1.02633142857
13.111725
7.99040769231
0.0499
0.2819
0.0676
0.08045
0.0939333333333
0.1044
0.1143
0.1158
0.1205
0.1305
0.1348875
0.13655
0.150425
0.1537
0.155225
0.203833333333
0.2155
0.2339875
0.2457
0.28945
0.31957
0.370085714286
0.4536
0.4606125
0.537703703704
0.56145
0.583133333333
0.666866666667
0.861428571429
1.02508571429
2.83094848485
7.27425923913
0.0848
0.1195
0.2195
0.2338
0.33285
0.47295
0.5128
0.54425
0.734466666667
0.97595
1.3098
1.3635
1.47178333333
1.66552
5.191975
0.0203
0.0395
0.1693
0.1909
0.4874
0.9431
1.2183
1.4757
1.551
1.66196666667
1.9952
10.14255
10.2575
11.6747
12.36005
13.2258333333
13.7496
15.5012428571
10.4963222222
16.520025
17.151
18.239445
11.9324333333
2.82905
20.12474
24.0789742857
30.6572619048
34.2690405263
0.0000
0.0299
0.0410
0.0783
0.0784
0.1698
0.1866
0.2552
0.3023
0.30965
0.3831
0.4652
0.56905
0.7654
0.915733333333
0.9499
1.95375
1.95395
1.99015
10.0783
10.098875
10.109025
10.2389
10.2671
10.59795
10.6799
10.9767
11.3467333333
11.4312333333
11.4395
12.3762
11.76595
12.7949
13.130184
14.4794
10.61015
16.83909375
19.2676
20.2926
21.00996
26.1045
20.83445
26.6449
26.7974989583
29.66592
31.1962809524
31.8311925
34.7736
35.3721733333
40.497865
40.6390923611
42.6465329167
44.9992445489
49.1544705128
10.5650
3.6554
7.257275
0.0006
0.0147
0.0193
0.0280
0.0416
0.0463666666667
0.0494
0.0500
0.0509
0.0512
0.0538
0.05385
0.056125
0.0577
0.0712
0.0762
0.08095
0.08116
0.0938
0.0950
0.10745
0.121466666667
0.12855
0.16405
0.1737
0.180733333333
0.2014
0.223914285714
0.2241
0.258366666667
0.31145
0.358475
0.3688
0.371522222222
0.493925
0.49938125
0.5552
0.6135
0.7572
0.919516666667
0.9486
1.0733
1.11248
1.31538333333
1.58615
10.2905885714
10.3517833333
12.5656038462
14.0713166667
10.0058555556
16.3914407407
12.3497108333
18.65441
26.1125980392
23.985275
30.1764604278
42.9733321429
0.1192
0.1828
0.4794
0.6287
0.739
1.2893
1.4162
1.4727
1.5867
1.8864
10.48685
12.07205
12.5282466667
16.288705
13.9386384615
15.1437785714
10.10115
8.29240294118
0.0001
0.0114
0.0145
0.0391
0.0992
0.122183333333
0.51301
0.6173
0.920035714286
1.03522222222
1.27648
1.6675
20.5991818182
27.35825
0.0000
0.0000
0.0044
0.0172
0.02215
0.0321
0.0349
0.03845
0.08575
0.0902
0.0916
0.0980
0.13654
0.153133333333
0.1611
0.1677
0.16955
0.193925
0.232866666667
0.278866666667
0.4828
0.7842
1.0540
1.0943
1.214
1.370875
1.4242375
1.43209821429
13.37717
14.4001177778
2.2300
24.0373353741
16.8047121429
34.5065030303
38.1487882353
2.5156
6.74025
69.2431666667
0.1330
13.7464
27.3467
57.4193
9.0091
2.4235
0.5536
0.0691
72.3155
2.4299
0.3393
0.6676
1.0396
1.8051
2.1215875
1.5862
4.5411
66.2903
0.2646
13.6211
33.60275
48.5831
24.8386
5.01005
0.5951
0.6256
10.6647
2.0217
73.86445
54.5844333333
0.0742
0.0844
0.21505
0.4635
0.569533333333
0.6127
0.8122875
1.4895
10.1699
10.7207
11.2566
12.1021
14.8961
18.42665
24.6839
35.31414
36.4674571429
43.5514571429
43.8787592593
46.9293777778
48.2373366667
14.5520
53.50895
10.0613
10.3441
10.7690
11.4057
14.5942
13.32415
14.6643
16.40145
13.7688666667
2.4598
20.63315
27.833
28.3168
41.243445
45.7709916667
50.5338179487
67.106603125
0.1871
4.70285
48.4733333333
11.9115
38.43245
25.8076
28.30775
22.2895666667
53.062025
0.1456
0.3187
0.6962
0.740483333333
0.0309
0.4251
1.5849
22.9075333333
0.0962
0.18725
6.63626666667
15.3952
32.47215
62.5593333333
63.671275
0.0001
0.02235
0.0680666666667
0.2543
29.124075
0.9217
1.9743
1.9958
10.78055
13.9994
14.78065
14.97785
18.3262
18.97182
27.3267625
32.9533666667
56.5780590909
0.1255
0.4201
1.8998
1.6619
12.7711
12.926
35.34455
41.30566
16.1214
2.63125
37.7760333333
1.4064
3.5389
1.4999
2.4665
1.6226
41.1394
55.3437666667
0.0000
0.0112
1.5882
10.2322
14.06255
15.3012333333
15.4874
22.12598
0.0000
0.0349
0.0773
0.16085
0.1656
0.235
0.28055
0.3523
0.428844444444
0.45855
0.6463
0.69765
0.904377777778
1.59844444444
12.95615
13.6110818182
13.23845
39.4808897436
5.53089473684
1.9723
23.595
1.9458
5.49215
1.0068
2.7714
20.8086
51.0272666667
0.6676
69.9147
11.8896
6.7846
0.0425
0.06915
0.3854
44.06385
65.4119
0.1287
10.6800
41.7472
0.0255
0.29695
10.1994333333
41.3561
6.57278
0.0552
0.0595
0.237466666667
19.1136
35.71835
41.4695
51.7487
70.752325
1.7898
11.5314
24.9398
50.17635
2.0011
13.3818
16.10145
2.4502
25.7634166667
49.26008
0.0447
67.6967
0.0000
0.0459
0.3043
0.330266666667
0.0000
0.0003
0.01745
0.0186833333333
0.03732
0.0986833333333
0.272971428571
0.0000
0.0327
0.0340
0.04435
0.050175
0.124375
0.133457142857
0.30025
0.317755555556
1.9036
2.43153
14.0316090909
1.4119
2.13745
3.14633333333
0.0119
0.1089
2.0627
0.0000
0.0538
0.0549
0.0566
0.0594
0.0631
0.0818
0.08825
0.089675
0.1017
0.11668
0.1336
0.1398
0.148566666667
0.149125
0.1610
0.1802125
0.196617777778
0.2635
0.266528571429
0.2982
0.4449
0.475033333333
0.491825
0.549846875
0.5764
1.0052
1.4058
1.461875
10.0254375
3.56368
33.5522944444
31.1496944444
24.1435786667
3.0139
4.6639
36.5954
0.1220
0.20095
0.307633333333
2.4843
6.65085
14.5126
11.7695
0.0000
7.7167
0.2204
2.2189
6.8840
0.6087
1.9638
2.746025
10.4383
21.93635
42.1409333333
30.1403
6.93225
0.2906
0.8210
20.757975
36.30195
0.0169
0.2258
0.356225
0.8859
35.54085
0.0000
0.0
0.0
1.568475
4.1374
65.66985
0.0645
2.8369
15.4798
20.6928
6.9204
38.66445
0.2563
0.3570
2.5499
3.1772
42.2905333333
3.9886
0.0204
2.7343
5.1544
2.6596
56.2319
0.9722
0.1564
0.26225
16.2286
46.62125
0.0361
6.62515
0.0844
0.09095
0.4613
22.5133
3.21495
0.0126
0.0113
2.4479
0.0142
0.0312
0.6790
0.0364
3.0100
0.2585
16.47035
69.4519
0.0496
66.7594
0.0793
0.09765
0.140766666667
0.357575
0.3769
1.34614
5.2631
0.1218
1.9268
3.5385
0.5606
3.9057
9.7402
1.1675
2.2984
4.0369
9.7886
2.9444
1.9063
0.0364
0.0598
0.177466666667
0.2181
0.4588875
1.0705
0.3457
3.0424
1.6139
3.9508
67.6470
0.0952
1.1156
0.0781
0.7397
0.2835
63.4585
0.1829
0.54615
0.0793
0.1623
0.2078
0.789875
0.0179
0.0284
0.0922
0.16
0.36825
0.424066666667
0.444966666667
0.5327
12.30004
0.0747
0.26765
0.4249
1.47193333333
14.91115
15.46012
26.94365
30.3300785714
41.8305
53.56188
2.5001
46.41645
0.0835
3.7063
0.0000
0.5974
10.1373
15.6690
13.56005
16.2981
28.4912
3.3196
38.3293
46.0050166667
49.23919
56.24422
62.0997125
2.8959
35.7194
72.2308666667
0.4218
0.5914
0.8279
0.88625
1.1333
1.23101666667
2.85585714286
1.8408
2.51455
2.0744
17.5927
4.4766
5.2592
16.2994
68.1803
2.6292
2.8183
26.8802
7.42645
62.6801
5.9663
10.9867
27.7591
0.4117
53.7203
3.4810
2.8672
0.1449
13.2310
2.2139
0.0635
6.4044
0.0000
0.3293
25.91665
4.3800
2.6894
2.5561
2.3455
0.0000
4.1671
1.7067
3.8729
7.3655
2.4663
1.3714
1.6848
3.6923
3.0925
0.0810
3.6122
2.6479
3.4687
0.4499
15.7754
2.4273
0.5822
0.0948
58.1617
0.1090
1.2639
1.31935
0.0525
0.0545
0.0679
0.0984
0.0729
0.0769
0.10635
0.1162
0.1171
0.1191
0.160366666667
0.1873
0.232025
0.27079375
0.28815
0.370625
0.428516666667
0.684518181818
0.931933333333
0.9954
1.04352083333
1.09199107143
1.34868888889
2.08569210526
0.2107
0.2678
0.27525
0.3199
0.393
0.550283333333
1.3322
1.9314
1.97336428571
14.0249388889
11.2442272727
13.4165583333
2.8020
3.85625384615
33.716
39.4557285714
0.0982
0.2531
0.54185
0.7972
1.02285
1.8099
1.9106
10.4855
11.63295
11.6591
13.0793833333
2.2419
22.66765
36.3428666667
18.5448269841
0.6344
0.7725
0.99175
1.1760
1.9487
2.378725
4.116875
6.31103
0.0254
0.0397
0.051175
0.1812
0.22925
1.213
11.1491
12.0341
16.4183
19.70985
22.6605
29.3682916667
40.843422449
0.0316
0.0884
0.57045
0.691533333333
0.7738375
4.31651666667
0.8148
0.85785
1.5999
59.511675
0.0370
2.1069
3.6488
70.9489
2.5152
1.0711
1.5442
73.0055
1.9306
2.4816
1.9184
5.3951
0.0339
2.1079
4.1713
0.3282
2.2062
74.0169
21.8372
4.4465
1.3478
0.2102
0.2579
1.02065
13.5599333333
0.0134
0.0894
1.05965
1.23396666667
27.052575
47.1869833333
49.9464428571
0.0440
0.08695
0.1436
0.1703
0.289825
0.35022
0.555228571429
1.2301125
1.74908888889
0.6520
0.83545
0.8507
1.04845
1.94008888889
0.3315
0.6461
0.876075
0.0824
0.1959
0.412366666667
0.89775
1.8691
26.95045
39.0503285714
1.9744
8.13095
0.0702
0.1498
0.0441
0.2175
0.45865
0.7214
0.856925
1.17243333333
1.201525
1.2931
1.310264
0.0416
0.1051
0.12
0.1555
0.1649
0.206783333333
6.60093333333
0.7770
3.4429
40.7601
1.5849
2.16305
11.8005
38.6659
50.8696666667
2.5202
2.5580
20.178325
49.329525
18.10232
0.1042
3.3401
1.7499
2.3879
1.4403
10.79235
0.1354
1.6146
1.7914
10.64685
16.52215
1.1528
4.6461
0.3331
0.68875
1.6517
5.85428333333
0.2579
0.3389
2.5756
48.8754166667
0.0081
0.04475
2.0491
2.61785
1.5218
15.71085
14.7010666667
30.02965
5.72908
6.47208333333
1.9875
2.2197
21.9676
0.1680
1.65815
4.67866666667
0.0208
0.0502
0.12335
0.199983333333
16.7654
14.40345
31.4111666667
42.98645
19.6602
5.1418
35.4482
65.1508
0.4209
0.4991
1.4802
1.0257
1.20135
2.0996
1.5500
7.285
4.8101
6.76285
0.4015
0.8612
2.2351
1.8480
34.34
28.4735666667
1.8058
13.0133
30.336925
0.3639
0.46715
0.849633333333
0.9782
1.41618
10.5821
11.4135
44.3765
0.8256
1.3995
32.6891
10.6607
11.6759
18.8950
2.97395
16.7562833333
23.66835
30.6945285714
48.4834125
0.4337
13.6497
1.8512
35.9088
26.6703333333
0.0300
1.2223
2.01053333333
17.279075
14.70894
23.0065
0.0088
1.5514
9.53603333333
1.9910
60.6304
1.6049
1.8292
1.8789
11.8350
3.10595
33.5878
43.5124
5.80673333333
55.015836
16.0935
68.0551
1.9509
2.6129
5.8945
1.6218
25.505
23.3061
65.87855
10.9812
8.08895
11.6956
35.09965
0.0825
4.2259
0.2232
0.2792
0.4277
1.32193333333
22.8105875
0.0000
0.0627
2.5026
41.9031
0.3012
14.0730
23.76785
28.4663333333
0.2815
1.7637
44.4451
66.4887
0.0429
10.7591
0.1249
1.6959
3.5524
0.1373
63.7244
24.9086
22.98185
24.0370666667
34.69605
0.0492
2.2144
6.7457
0.1419
2.9716
72.2833
2.7777
0.6647
6.2078
0.3528
3.0511
3.4759
0.0155
0.5488
1.7093
12.0334
10.16205
19.2526
24.3215833333
51.15863
10.2891
7.58045
0.5085
0.0628
10.86925
1.3130
3.4626
20.9246
0.1935
1.6666
2.5843
26.9993666667
0.6810
11.88615
25.3748
0.1311
1.81415
1.5734
2.1764
0.4108
31.3459
23.4238333333
2.6423
4.56105
3.3320
0.9973
4.0048
1.6015
1.8313
12.1057
8.2261
3.0914
1.0679
4.1320
2.3478
0.4746
73.35955
3.3329
0.0917
1.2851
0.9982
0.0000
0.0897
0.2582
67.4188
0.4230
2.2965
0.1752
2.2516
0.4064
0.56915
0.1975
0.9860
2.2618
1.4081
2.3628
2.1895
2.7843
0.0129
2.6307
2.9644
0.0168
0.0477
0.7911
0.1312
3.3166
0.0000
2.4993
62.5430
1.4869
3.0483
0.0659
2.0808
3.5013
4.1022
6.4542
67.2648
0.4259
4.5834
5.2273
46.0588
0.9516
60.0314
2.8781
3.5665
0.4969
2.8678
6.6251
5.1047
0.0135
63.8293
7.7339
60.6375
0.5460
0.2144
0.2335
1.5098
41.6461
60.31655
8.48931
12.9766
19.4968
23.8704333333
1.7951
11.2115
25.88205
51.659675
0.0314
0.5620
1.1451
10.1655
10.3383
10.36275
10.4020666667
10.9359333333
10.5190875
11.2793
11.2872
11.6047
10.83735
11.6107
15.4647
15.9791666667
17.652175
16.4294
20.4041714286
23.9139688312
29.1100833333
29.9079315789
1.0437
2.1877
0.2178
0.3887
1.88105
17.6099
31.001
32.4716
48.8354666667
55.1708571429
69.3614
1.8498
3.7347
10.3376
62.8425
3.5590
0.7078
9.9643
0.0914
0.22715
0.270466666667
0.82275
0.5941
11.5021
3.1844
2.1634
7.6981
73.0651
0.2094
22.8809
0.0304
1.9848
64.8882
1.8799
3.7620
0.0037
0.2388
3.2475
2.4512
0.0000
62.4213
1.8949
0.0070
3.2946
4.1593
1.6073
4.7737
66.2114
0.1404
0.0173
0.0201
0.0398333333333
0.0558
0.069
0.1074
0.14955
0.3066
1.8654
10.9856
10.75005
10.6947666667
17.1918
2.0659
10.6303
18.457625
28.2078611111
3.72236
32.1124912088
57.3118
0.0000
0.0257
0.0444
0.0455
0.0464
0.0480
0.0612
0.06695
0.0714
0.0730
0.111075
0.1178
0.14645
0.1476
0.18438
0.1848
0.2025
0.227892857143
0.24735
0.3112
0.3282
0.3360
0.3534
0.3940
0.4789
0.6824
0.6856
0.713458333333
0.8844
1.3988
1.403
1.9677
11.8325259259
13.1422333333
13.895482
11.8169427778
16.0476444444
10.91555
12.4787142857
41.2140888889
46.3666384615
49.4688582716
56.2863238095
0.0505
0.0000
0.2394
0.4176
0.681
0.76145
0.7930
0.8029
0.9535
1.10603
10.0136
10.3062
10.81655
12.0821
12.534525
14.2825
22.4057333333
30.0202375
30.8180375
29.2557833333
29.5142090909
34.93489375
38.1128416667
44.590305
46.7481070513
52.008036
0.0165
0.0174
0.0210
0.0256
0.0287
0.0396
0.0548
0.0553
0.0559
0.0595
0.0611
0.0621
0.0626
0.0638
0.0667
0.0677
0.06795
0.0700
0.0712
0.07865
0.08145
0.0831
0.0848
0.0856
0.0882333333333
0.08895
0.08924
0.091325
0.0915
0.091575
0.0927
0.0965
0.0965
0.0977333333333
0.0987
0.1044
0.1048
0.1061
0.108975
0.109333333333
0.1103
0.112
0.11612
0.12266
0.125266666667
0.128475
0.1306
0.1328
0.1334
0.133475
0.135257142857
0.14225
0.143125
0.1445
0.146088888889
0.1465
0.14756
0.153170833333
0.15725625
0.1594
0.164175
0.1726
0.1758
0.17883
0.18062
0.1850
0.185783333333
0.18686
0.1966
0.199890909091
0.215042857143
0.230075
0.23032
0.249754545455
0.258041666667
0.267855555556
0.271293333333
0.422585
0.45776043956
0.483016666667
0.519366666667
0.526938823529
0.557122222222
0.980308333333
1.00917142857
1.0763904
1.398415
1.4261030303
13.804325
12.8352138889
3.33810649038
5.08336992063
7.6960625831
0.0000
0.0000
0.0044
0.0117
0.01825
0.0208
0.0275
0.0315
0.0337
0.0404
0.042
0.0449
0.0470
0.0580
0.0613
0.0623
0.0638
0.0639
0.0644
0.0654
0.0716
0.0723
0.07275
0.077575
0.0805
0.0826
0.0827
0.0829
0.08355
0.09855
0.0987
0.1005
0.1094
0.11165
0.1239
0.1242
0.1365
0.148916666667
0.150966666667
0.1616
0.1664
0.170875
0.1728
0.195266666667
0.1975
0.1983
0.20391
0.231
0.2479
0.2492
0.2511
0.260533333333
0.2829
0.292175
0.30685
0.3268
0.33545
0.3396
0.3396
0.3639
0.3698
0.3792
0.380575
0.3840
0.3994
0.40545
0.428016666667
0.4398
0.46078
0.470958333333
0.474375
0.4885
0.4967
0.5101
0.5468
0.5597
0.5848
0.62387
0.65995
0.7667
0.7913
0.807114285714
0.8315
0.8518
0.8645875
0.88038
0.88785
0.8965
0.89852
0.913016666667
0.9156
0.94251
1.009275
1.194525
1.25035555556
1.27588181818
1.29937777778
1.3970
1.39851666667
1.4424125
1.44313571429
1.45062222222
1.4879625
1.5092
1.54593518519
1.5500
1.6115
1.63943125
1.65835
1.9456
1.98158333333
10.48
10.76285
11.09885
11.3861
11.6072948148
12.20725
11.9066582418
10.221045
10.0322565217
11.107566
13.3156380952
10.936075
16.573205
20.0526020833
20.347793
18.9561593333
20.4310653061
22.7494336667
25.4945268817
28.0552294643
28.54828875
31.1349277778
31.9610540541
36.817107372
46.9724090909
49.4345940574
0.1940
0.0001
0.0123
0.0142
0.0247
0.0251
0.0358
0.0364
0.0424
0.04425
0.0503666666667
0.0510
0.0515
0.0535
0.06345
0.0699
0.0965833333333
0.11575
0.1735
0.1848
0.193
0.21775
0.384575
0.452333333333
0.6236
0.70838
1.02396666667
1.02647142857
1.11741666667
1.56765833333
15.0535966667
2.51986153846
5.56341942149
1.4955
0.0768
0.0805
0.0983
0.1035
0.11005
0.11175
0.1162
0.147233333333
0.1487
0.1968
0.250566666667
0.32835
0.3328
0.342933333333
0.418075
0.60964
0.6135
0.6292625
0.656725
0.68875
0.9034
1.49373888889
17.945075
35.59536
22.4612603175
16.6802039773
38.1827777778
0.0376
0.1195
0.1909
0.19795
0.2174
0.5680
0.664233333333
0.6830
0.7145
0.8299
0.97758
1.1185
1.26626666667
1.3255
1.42105
1.4923
1.7135
10.12767
10.7744388889
10.7761
12.2473814815
14.6813333333
15.6025785714
8.04047708333
3.7170
3.7469
2.1412
0.3554
0.7075
0.0139
8.0607
0.0768
15.6051
3.2764
18.1919
32.91925
4.84506
2.4985
4.2419
0.0000
0.0972
12.0377
3.4089
2.6591
34.6099
0.4930
10.5476
22.8807
4.4292
32.66025
0.2027
12.2248
6.90416666667
0.2337
0.3329
0.2351
1.31765
0.0295
0.0432
0.0495
0.0815
0.0820
0.085775
0.09625
0.1082
0.1098
0.1277
0.13114
0.1567
0.19105
0.205033333333
0.2177
0.2495
0.617717857143
0.699033333333
1.0810
1.4593
1.55005208333
14.1597
2.30606666667
44.6896105263
18.8813101449
0.4722
0.7899
0.7926
1.7424
25.0376777778
0.0531
0.0628
0.107
0.1117
0.1335
0.1518
0.1673
0.223825
0.250625
0.38093
0.453
11.8405666667
47.03426
2.4064
1.7021
10.57735
2.6585
23.9016833333
13.2771
5.5049
0.1057
0.2395
0.26535
0.2872
0.482433333333
0.60155
0.6672
0.708816666667
0.9793
1.7349
1.81667142857
10.1211
12.3428
13.1529
16.7293
17.44656875
19.8409291667
22.23615
25.7455
27.4005666667
28.6610178571
29.88
36.807859375
44.0093545455
0.0000
0.0
0.0
0.0
0.0
0.0
0.0
0.0
0.0
0.0
0.0
0.0
0.0
0.0
0.0
0.0532
0.0271
16.0388
13.067075
0.0134
10.01245
11.0072
12.10955
10.0671
13.952675
10.00944
14.7899277778
1.4037
15.9314
45.3897
0.0771
0.2056
0.271466666667
0.0899
13.0938
14.84835
37.4126
0.1007
0.2387
14.177425
53.678475
0.0228
0.0387
0.07685
0.0814833333333
0.12064
0.0030
0.0125
0.022725
0.083375
0.46506
11.6694
2.1958
21.520875
7.22955
2.9333
73.70065
10.4649
11.6793
13.0734
16.8542
17.372
25.71078
45.4629142857
1.4629
11.5199
14.09905
15.34825
29.95612
27.1138333333
0.0088
1.8376
1.9062
12.17875
10.6701
1.3705
3.0407
4.2877
13.9144
33.60215
60.3809666667
2.4117
3.0161
5.7716
6.880225
0.1956
0.9819
21.1366333333
0.0949
19.1796
3.95566666667
0.9886
1.5058
3.73275
0.4268
3.3260
4.38455
5.2636
2.0134
2.1084
2.48203333333
11.7290
4.08515
0.1008
1.7062
0.0052
6.7783
10.2787
12.2167
11.59465
31.1085333333
14.848775
11.2255
31.7019
63.2410333333
10.0784
10.9318
15.1568
12.6327333333
25.678125
31.3912833333
10.3835
11.89125
26.2539333333
50.76695
11.7403
3.5654
0.0794
11.4509
12.1573
12.2385666667
13.952825
0.0057
0.78435
2.707
17.7060
46.4335
13.1191
11.24865
23.4877333333
51.6522
60.3848
20.3621
6.4759
0.0772
16.7008
0.3395
1.57055
63.5095333333
0.1763
13.3292
4.927775
2.1879
34.8606
3.6225
34.32365
2.2918
31.6948
0.6809
2.2462
0.0000
0.1044
0.0535
0.0666
2.3789
11.2678
10.0062
3.1819
3.2333
12.0960
2.4894
1.5483
2.0428
0.0111
0.0027
0.0486
0.1797
0.5110
2.2946
2.5614
2.5506
0.1263
2.8952
0.6252
0.4117
13.4518
11.5268
0.2203
0.0160
0.0184
63.4171
68.0657
0.0000
0.0
0.0001
0.0001
0.68712
11.5480
11.8851
2.8715
26.0289666667
32.1282
1.8739
16.75005
0.0001
0.0606
3.2497
5.457
0.1528
2.4765
2.0455
3.98725
2.2381
32.8198
33.07355
40.51945
52.6515666667
68.619625
2.1375
2.4353
17.2649
33.42315
6.9697
70.01195
1.9465
2.4882
3.3027
1.6443
2.9824
2.6549
1.8590
2.5056
0.9276
10.2460
3.0085
2.5958
0.0317
0.4528
0.1479
6.6166
0.1175
0.3331
0.2001
0.6986
1.6957
0.8423
6.8216
1.7426
13.92655
16.4648666667
0.0606
0.0048
0.0069
2.3485
0.0171
0.0870
0.0699
0.2549
0.2443
0.0133
0.0001
0.0000
17.9877
0.0894
0.2638
0.0374
0.1165
0.0434
2.3697
2.4670
0.0409
3.8726
0.0000
0.1801
0.0560
11.8551
27.2929
9.0776
2.3765
4.6012
0.8703
3.7336
0.1450
0.4634
2.3086
0.0376
0.6048
6.4920
0.2036
2.1520
1.2526
8.2258
0.4764
5.57485
4.3467
8.8720
0.0827
7.8842
1.6289
0.0360
2.1333
1.9293
10.9519
3.5047
0.2136
2.6398
0.2613
4.98285
0.4391
39.3746
18.9042
37.08465
1.6317
0.0332
1.1306
0.7534
1.6737
0.0003
0.0374
0.0746
0.0895333333333
0.1017
0.1170
0.16505
0.23225
0.3442
0.3661
0.761942857143
12.9921625
10.5313166667
13.8524
4.6330
6.9379
3.8101
75.0105
0.2505
2.7137
8.3338
2.6698
0.0000
0.0044
0.01395
0.0153
0.0245
0.0296
0.0405333333333
0.0449
0.0452
0.06925
0.0805
0.0851
0.1054
0.1377
0.14045
0.1470
0.169533333333
0.1892
0.2426
0.26662
0.36996
0.384
0.38695
0.394005555556
0.465794444444
0.511444444444
0.5444
0.7716
0.8657
0.874675
0.9125
0.980527777778
1.0646
1.06617
1.25305
1.40284727273
1.69966666667
11.11933125
10.494652381
13.2887181818
11.841625
11.8213117647
13.1061909091
27.5751232558
41.8297477273
48.9308108696
0.0952
0.1233
0.1326
0.2675
0.4377
0.7326
0.7467
0.8378
1.63823333333
10.09655
10.42675
10.8675
12.3757
12.95885
14.20295
16.1264
22.87114
23.4215625
24.0486
29.1862166667
39.48065625
39.5221233333
40.4560333333
42.6441116883
49.0388
1.6873
2.1466
0.0969
0.5693
0.6769
0.3059
70.9947
5.2029
3.9862
60.6059
3.8141
2.0495
2.2859
2.4660
0.1252
68.5622
11.4294
0.0001
0.0042
0.0347
0.0383
0.0390
0.0420
0.04895
0.0509
0.0570
0.0678666666667
0.1002
0.1621
0.22035
0.2426
0.26195
0.2985
0.31965
0.4167
0.510566666667
0.60162
0.77455
0.86045
0.9243
1.3484625
1.387425
1.5438
1.97135
10.7219666667
10.7369125
11.6553611111
10.75424
12.2939833333
13.912631746
16.293198
17.1134807407
16.6523364583
23.8632557143
8.35425540541
12.3161
14.3240
13.4703
20.1222
18.60885
18.62664
26.32945
25.0840071429
21.4170666667
0.0373
14.4402
10.2946
16.0249
32.64705
37.76955
51.5817714286
67.6786
39.28215
0.0558
0.2667
0.2898
0.34235
0.4074
0.812466666667
1.5473
15.2749466667
16.425725
0.0000
0.0609
0.0823
0.1068
0.1115
0.1211
0.1300
0.1358
0.168
0.18815
0.2377
0.2631
0.282266666667
0.3232
0.324366666667
0.327433333333
0.33605
0.345125
0.446175
0.4906
0.61044
0.6252
1.93576666667
20.1024509804
30.6233216667
0.0000
0.0064
0.0218
0.0234
0.0328
0.0349
0.0386
0.044
0.0441
0.0484
0.0488
0.0516
0.0527
0.0541
0.0544
0.0553
0.0573
0.05805
0.0584
0.0594
0.06005
0.0613
0.0633
0.0643
0.0644
0.0681
0.0683
0.06955
0.0725
0.0730
0.0745333333333
0.0755
0.07555
0.0764666666667
0.0772
0.0781
0.0784
0.07855
0.0796666666667
0.079775
0.0822125
0.0823
0.08245
0.0847
0.0848
0.0849
0.0859
0.0872
0.08945
0.08965
0.08985
0.0925
0.0929
0.0932
0.093925
0.0949
0.0958833333333
0.0977
0.0977666666667
0.099
0.099
0.0995
0.09955
0.100425
0.1024
0.1033
0.1033
0.10355
0.103813333333
0.1048
0.1055
0.1068
0.107133333333
0.108266666667
0.108733333333
0.1091
0.1093
0.109566666667
0.109633333333
0.1107
0.1115
0.1132
0.1156
0.11605
0.11715
0.1182
0.119
0.1194
0.1196
0.1205
0.1209
0.12125
0.12152
0.1228
0.1248
0.126188888889
0.1273
0.1275
0.1283
0.1293
0.129856790123
0.130453333333
0.131933333333
0.13211
0.1323
0.1356875
0.13712
0.1379
0.138833333333
0.139977777778
0.142766666667
0.1438
0.145291666667
0.146872222222
0.149075
0.15032
0.15078125
0.1549
0.15595
0.156106349206
0.159755
0.1609
0.162175
0.1677
0.16875
0.170965306122
0.17135
0.171466666667
0.172055555556
0.172433333333
0.175116666667
0.176166666667
0.180316666667
0.18085
0.18178
0.184375
0.18445
0.195308333333
0.196496666667
0.1987
0.206809090909
0.208275
0.20966
0.215092857143
0.216364516129
0.2220
0.22856
0.241411428571
0.242611111111
0.243161538462
0.2446
0.2465
0.259733333333
0.26175
0.266433333333
0.278575
0.284515384615
0.286333333333
0.29455
0.294875
0.29937
0.3001
0.305866666667
0.314372857143
0.3310125
0.3339875
0.34712
0.35935
0.393583928571
0.4415
0.547841666667
0.593170833333
0.630385714286
0.652475
0.655816666667
0.6759
0.73155
0.78475
0.824945833333
0.954005803571
0.9618
1.00526985646
1.09676666667
1.17707692308
1.2696375
1.34177454545
1.410705
10.8429688889
11.2165758929
11.17115125
10.4818689189
12.0716388889
12.3886565217
13.2676305128
13.6752127907
12.6894453232
11.5221241333
5.32787698768
6.1813365422
0.1949
0.2347
0.2717
0.3345
0.4109
0.4800
0.6174
0.6212
0.7187
0.74775
0.7629
0.9026
1.059
1.1003
1.11115
1.20035
1.49525
10.41365
13.84925
14.3644666667
13.34245
14.3966555556
18.4193142857
2.611525
25.8488944444
27.3087166667
26.07724
39.8013731884
0.1336
1.3243
43.3155333333
0.0000
1.6804
1.9317
3.67335
3.2676
68.59035
2.5950
20.15935
0.1222
0.5791
17.5009
16.6066
21.7331666667
0.6952
0.72195
0.0116
0.09095
0.0995
1.6625
2.05575
2.64966666667
17.96805
0.0000
0.0000
0.0000
0.0000
0.0153
0.0272
0.0300
0.0362
0.0509
0.051
0.0557
0.0564
0.0579
0.0586
0.0610
0.0614
0.0631
0.0649
0.0651
0.0702
0.0723
0.0782
0.07855
0.0809
0.0812
0.0833
0.0868
0.0913
0.09215
0.0926
0.093825
0.0940
0.0943
0.0970
0.0995333333333
0.1041
0.1058
0.108166666667
0.1135
0.1144
0.118725
0.1225
0.12305
0.1248
0.1254
0.12575
0.1263
0.1338
0.1343
0.1394
0.1403
0.1403
0.14435
0.146616666667
0.1482
0.149166666667
0.1501
0.1523
0.1531
0.1563
0.1577
0.16352
0.1677
0.1717
0.174288888889
0.1747
0.1771
0.1792
0.18365
0.1849
0.194266666667
0.2065
0.214694444444
0.2174
0.222684
0.2227
0.223725
0.2247
0.22875
0.2292
0.23275
0.2348
0.240166666667
0.2448
0.2481
0.24885
0.2539
0.25805
0.25835
0.2663
0.2682
0.27325
0.277133333333
0.277375
0.2793875
0.2822
0.283666666667
0.285588888889
0.29042
0.3091
0.309266666667
0.3180
0.3236
0.326233333333
0.328277083333
0.33035
0.3409
0.3452
0.3494
0.38455
0.3847
0.386711111111
0.3903
0.3914
0.39435
0.396583333333
0.40026
0.40205
0.4183
0.421925
0.4282
0.43015
0.433833333333
0.441822222222
0.454692857143
0.46378
0.4639
0.475
0.483405
0.49215
0.4941
0.50065
0.5145
0.52515
0.537216666667
0.5623
0.5673
0.571128571429
0.58677
0.60315
0.6106375
0.6218
0.6275
0.641085714286
0.6737
0.681355555556
0.7512
0.7521
0.7635
0.7693
0.7716
0.7910
0.794233333333
0.8099
0.8149
0.8452
0.846025
0.853183333333
0.8631
0.870766666667
0.885112077295
0.943116666667
0.96192
0.96845
1.0036
1.01035
1.03694761905
1.0410
1.0488
1.05475
1.125528125
1.13042
1.1445
1.20920625
1.222925
1.23073333333
1.2689
1.30215
1.360325
1.37108666667
1.39465
1.40405
1.41925
1.4508
1.7010
1.7025
1.7677
1.8146
1.8351
1.9208
1.9825
10.0042
10.0105
10.0107
10.0581
10.1372
10.1460
10.1556
10.17185
10.17335
10.2198333333
10.2273
10.2275
10.258175
10.28875
10.3107921875
10.3301
10.3889
10.0301333333
10.3896
10.3898
10.41135
10.4538761905
10.3551
10.4790
10.0198
10.480125
10.49115
10.5186
10.5231333333
10.5275
10.208625
10.5371
10.5983
10.6700
10.49315
10.68715
10.6902
10.8394
10.8427
10.8510833333
10.8962
10.9582
10.9926
11.0059
11.0287424242
11.09105
11.3148
11.39335
11.42895
11.4620833333
11.54325
11.7118
11.8153546875
10.9979544118
11.8505
12.1692
12.1776
10.24855
12.2688
12.297296
11.1020166667
10.5718623529
11.6711238636
12.3583
11.6017
12.72234375
11.8762827273
12.7825
13.2302394118
13.2671625
13.2951
13.3975
13.46625
14.2489875
14.80165
15.173225
16.2292111111
16.4760125
16.8704041667
17.3205460905
18.0024083333
18.3081833333
18.4658875
18.9671044872
19.066354
20.2000814815
20.3017785714
20.6904833333
22.4450777778
23.4106555556
24.53811
25.5971
25.42520625
26.15569375
27.50567
27.7854333333
27.8569666667
28.0258205075
28.9266
29.2304222222
29.3878
30.2696880672
30.6802714286
30.9797401961
31.683
31.68485
32.4275951923
32.98549
33.1138058559
34.33701
34.6177491071
34.7579310606
36.1179333333
36.427487013
36.6317181545
38.7543771429
39.2989333333
39.7149074074
40.4680712381
41.643625
41.6724313725
42.1923503706
43.0667763636
45.6765228992
46.0984289831
46.6688420797
47.4874412417
47.8671911111
48.3637869143
48.982991568
49.6916875472
0.0195
0.0254
0.0328
0.04925
0.0663666666667
0.0690
0.0914
0.1075
0.1111
0.1289
0.1422
0.149875
0.1563
0.16178125
0.203745833333
0.2672
0.298877272727
0.496784615385
0.67226
3.53677625
0.0478
0.5932
0.63155
0.9413
1.2647
10.2668
14.8656888889
15.4571166667
15.1943285714
29.15645
37.7722818182
0.0000
0.0029
0.0073
0.24275
0.464
0.723533333333
0.92374
0.0157
0.1912
0.2297
0.51205
0.0288
0.0415
0.0625
0.1154
0.12505
0.141666666667
0.1573
0.201061111111
0.211166666667
0.3111
0.0239
0.0395
0.04765
0.0628
0.123666666667
0.94115
15.88906875
0.0349
0.6481
0.0139
0.0272
0.0418
0.0517
0.0519
0.0531
0.0552
0.07745
0.0928
0.120566666667
0.1292
0.157425
0.172325
0.185575
0.26285
0.284466666667
0.2857
0.366925
0.444955555556
0.671086666667
0.68826
0.732954166667
1.097
1.54871428571
1.59863333333
17.9082007143
3.3308
5.1262
0.0247
0.0945
0.10675
2.35106666667
37.2100875
45.7953166667
44.0752714286
0.0202
0.26305
0.5421
0.0089
0.0254
1.8004
11.05175
10.1124833333
11.0881
17.91385
2.6576
25.358
27.2211
26.6857571429
33.809175
35.859375
41.8526
15.7125
48.8549933333
0.9621
2.56155
0.2724
0.5005
0.7497
1.1850
11.26445
13.5986
16.95865
25.8034666667
34.1030666667
45.71126
57.7892090909
15.0437
34.7438
51.7405
1.3963
2.3098
35.3846
27.6767166667
18.91174
0.0869
1.6567
3.60385
25.7685166667
0.0751
0.9374
10.5001
11.0873
11.2930666667
10.341975
11.4465
13.61055
17.4350
23.1009466667
23.33755
38.6241875
45.1958363636
0.0897
0.1726
0.2199
0.24735
0.2573
0.501966666667
0.5342
0.6107
0.66495
0.6837
0.7402
0.778125
0.790766666667
0.90855
1.01101666667
1.044975
14.90905
24.2395227273
32.8932692308
35.2941030612
1.7108
4.3556
26.7597666667
28.3275
54.5401
67.9418
0.1509
0.9681
1.0162
1.0391
1.30576666667
19.921075
3.4090125
1.1465
1.3171
1.78105
1.9026
10.1975
12.29325
13.5198
10.07385
20.1462666667
20.4598583333
30.2689583333
36.7051
42.0333060606
0.0000
0.0223
0.0368
0.1309
0.1623
0.2092
0.27045
0.3333
0.3431
0.3434
0.46325
0.47375
0.58255
0.6949
0.7945
1.02508333333
1.4617
1.8521
1.9243
10.014525
10.0173
10.0340
10.1121
10.1617
10.1157
10.1652
10.2189
10.2382
10.0866
10.4155
10.2594
10.5253
10.5717
10.63675
10.6658
10.6660
11.0407
11.0426
11.0833
11.15295
11.1633666667
10.603525
11.2618
11.8751
12.3811
13.4389571429
12.5132444444
13.71965
13.8871
16.0880
18.2804
18.8103363636
18.8597
19.16032
20.2501666667
21.67505
22.6439
23.4261375
25.3736333333
27.3779833333
27.41505
28.1800541667
30.0479375
31.9346318182
33.3445851852
34.2368666667
35.6008937143
36.8599
37.7721
38.07674
40.1690722222
40.7805916667
42.89037875
43.1888431818
45.0876228369
47.9398078629
49.1136169048
49.5943850877
0.7514
0.9642
1.0310
1.65188333333
2.6626
3.52308
5.04151428571
1.0413
1.3840
1.78165
27.1282
27.8982
36.8126
0.4301
58.90125
0.5319
35.90125
1.9981
10.4514
57.906475
39.178375
34.02382
0.1214
12.9558
56.5306666667
2.1637
19.8455
15.1977
42.1178
65.0449333333
0.4542
48.8474
0.0207
0.15145
0.626666666667
0.0018
0.0229
0.33315
1.18626666667
1.6168625
25.5405
25.70455
0.0345
13.5286
15.86665
10.6821666667
18.9971
30.284675
34.1835
43.57859
49.2341555556
0.0739
0.52015
6.2557
66.01005
25.8243
0.0000
17.0057
64.8004333333
0.0177
0.0322
0.0399
0.0436
0.0503
0.05265
0.0618666666667
0.06635
0.06815
0.07625
0.0813
0.089325
0.101016666667
0.12708
0.1284
0.1354
0.198483333333
0.20736
0.221066666667
0.227366666667
0.236285714286
0.2392
0.2943
0.3061875
0.3546
0.3850
0.630862222222
1.07067142857
1.0716875
1.46213333333
1.51364666667
11.4789040816
10.0588857143
10.98302
12.7217625
13.57994
35.1196081081
0.0842
7.07265
69.5441
0.0000
0.0599
0.6407
0.7711
42.26518
0.0534
0.1315
1.36025
2.5048
2.5752
72.46468
0.2598
1.3776
1.942225
17.4608
15.28385
1.2098
1.83015
10.2377
10.08155
26.7139666667
22.844675
23.6447571429
12.0505
11.6009
22.6432
22.5228
30.4138666667
48.8651416667
63.2547714286
0.0724
2.28515
65.4252333333
0.7479
2.2929
2.942175
0.1427
0.1585
0.250925
0.34055
10.4249
12.3554
12.8666
15.7649
30.7076
37.78355
36.65645
41.949025
48.75824
49.3226166667
61.9284571429
24.1601
35.1043
0.0120
0.0283
0.5004
0.5792
0.77235
0.839283333333
0.9846
1.29365
10.1163
10.5136
13.43535
15.0729555556
12.1731083333
12.5243925
26.9337961538
36.4873466667
48.84071875
65.9124555556
0.0000
0.0000
0.0127
0.0260
0.0315
0.0399
0.0407
0.0457
0.0457
0.0491
0.0538
0.0586
0.0704
0.0713
0.0727
0.0740
0.0757
0.0762
0.0772
0.0795
0.0841
0.0843
0.0881
0.0883
0.0905
0.0918
0.0930
0.0940
0.0958
0.0969
0.0992
0.1000
0.1004
0.1015
0.1021
0.1024
0.1078
0.10795
0.111425
0.1116
0.1124
0.1134
0.1166
0.118125
0.1183
0.1183
0.1189
0.11895
0.1191
0.1201
0.1242
0.124825
0.125
0.1256
0.1257
0.1260
0.127225
0.1289
0.1306
0.13625
0.1378
0.1393
0.140626666667
0.1415
0.1433
0.14625
0.14675
0.1488
0.1512
0.15215
0.15535
0.1582
0.15885
0.15995
0.1622
0.1642
0.1642
0.1655
0.1741
0.1757
0.176
0.1812
0.18235
0.18285
0.1864
0.1869
0.1883
0.18838
0.189033333333
0.1892
0.189733333333
0.195066666667
0.1951
0.1953
0.1997
0.20055
0.204477777778
0.20795
0.2103
0.2118
0.212785
0.2143
0.214675
0.217075
0.2177
0.2219
0.22815
0.229266666667
0.2362
0.2371625
0.2415
0.24945
0.2515
0.252325
0.25425
0.2565
0.2596
0.263975
0.271663333333
0.27795
0.2791
0.284042857143
0.296683333333
0.300586666667
0.307516666667
0.310430769231
0.3201
0.320925
0.321175
0.3256
0.326
0.33621
0.3390
0.344685714286
0.352225
0.3561
0.36465
0.367166666667
0.368066666667
0.3738
0.3887
0.3976
0.398933333333
0.3994
0.406256666667
0.423408333333
0.427075
0.4290
0.4292
0.434233333333
0.43735
0.457155555556
0.458933333333
0.477977777778
0.483225
0.493966666667
0.5050
0.5069
0.5141
0.516315
0.5184
0.52905
0.5511
0.551175
0.574654545455
0.582483333333
0.586028571429
0.6348
0.644528571429
0.6543
0.6572
0.6918
0.691875
0.72412
0.78248
0.783
0.7845
0.826510909091
0.8290
0.83345
0.861225
0.89245
0.9269
0.942983333333
0.96715
1.037
1.07849166667
1.0814625
1.1144
1.21194
1.2441
1.260525
1.27108888889
1.27213
1.33250625
1.36156666667
1.3880
1.43441111111
1.57094142857
1.58296666667
1.70251875
1.71209166667
1.8965
1.901064
1.9726
10.002521875
10.018675
10.04333
10.0516166667
10.0739571429
10.192625
10.2187692308
10.4217153333
10.5113458333
10.8579944
10.8995976608
11.2329319328
11.6553875
12.6813708333
10.727775
10.8389673469
12.2681508929
12.747727381
13.2402242105
13.589525
10.477528961
13.7781234694
14.1236636364
11.0550626667
14.1949553169
18.4563851449
19.91609
23.8967779695
25.3523535135
23.6876
26.5556019477
25.9393299597
0.0000
0.0000
0.02265
0.0376
0.0389
0.0418
0.0461
0.0515
0.0522
0.0533
0.0558
0.0561
0.05625
0.0577
0.0587
0.0591
0.0614
0.0623
0.0638
0.0701
0.07245
0.0755
0.0760
0.07825
0.0799
0.0816
0.0830
0.0843
0.0868
0.0870
0.0874
0.0891
0.0904
0.0917
0.09505
0.0961
0.0963
0.0986
0.0995
0.1017
0.10445
0.1054
0.110466666667
0.1125
0.1208
0.1218
0.1222
0.1222
0.12345
0.124
0.1260
0.1269
0.130266666667
0.1349
0.1363
0.1384
0.13973125
0.140633333333
0.1418
0.1505
0.1529875
0.15382
0.15465
0.15745
0.163483333333
0.1672
0.1694
0.1737
0.17726
0.1868
0.19135
0.19835
0.2067
0.2079
0.209128571429
0.21495
0.2160
0.2180
0.21975
0.2226
0.223057142857
0.223333333333
0.226428571429
0.2388
0.2456625
0.24896875
0.249966666667
0.253666666667
0.253733333333
0.267666666667
0.272
0.27435
0.274566666667
0.287892
0.292016666667
0.292971428571
0.2977
0.3005
0.308033333333
0.3139
0.329366666667
0.333995
0.3368
0.3593
0.36202
0.36216
0.3710
0.3761
0.39495
0.401775
0.403166666667
0.4089
0.4186
0.433204545455
0.4339
0.434133333333
0.4362
0.4369
0.442575
0.4446
0.4559
0.4611
0.4830
0.5169
0.5198
0.52465
0.5515375
0.557833333333
0.560125
0.565513888889
0.566171428571
0.5746
0.578661111111
0.582120833333
0.59512
0.605248484848
0.6134
0.62114
0.62895
0.632754166667
0.6408
0.6418
0.66146
0.72375
0.762883333333
0.7706
0.771
0.7839
0.78785
0.7928
0.8214
0.87315
0.898876190476
0.9138
0.9232
0.96409787234
1.0212
1.03164375
1.04155
1.05128333333
1.06403333333
1.068925
1.08785416667
1.128
1.14136666667
1.19963875
1.2223487013
1.27121111111
1.307875
1.32158888889
1.51951657143
1.52418571429
1.5640039627
1.64984
1.85142
1.98143333333
1.9964
10.0746071429
10.3258
10.49505
10.6833
10.7044
11.1862
11.6840866667
12.7013375
14.89235
11.968152381
14.9822875
15.0868666667
15.13514
2.05304057143
2.09051578947
20.9230735294
22.557908
23.5622275
26.6245777778
26.9742916667
27.2989008333
29.9393338384
33.6813415584
35.1846282895
39.8338651235
4.26562307692
46.5047386139
48.8506068161
35.14024528
21.4642093244
51.5220850962
0.4496
3.3094
0.0967
11.1701
11.3218
11.2863
13.6419333333
17.6544125
40.37775
0.0000
0.0
0.0003
0.000375
0.02238
0.0515333333333
0.0190
10.3480
8.3277
77.0702
1.1964
4.49685
0.0744
1.4484
2.9094
3.3092
41.3432
1.5061
0.3464
0.4918
25.2754
0.6313
7.57495
62.2621
13.3431
2.7195
63.7418
0.0758
0.4330
2.1405
1.8254
11.5450
2.0694
2.0881
19.89115
2.67075
4.26018
70.4040
5.2255
3.3175
0.7402
16.5635
26.9643
3.2976
20.3390
17.0302
34.6159
0.0275
0.0719
0.0905
4.5535
65.779525
71.24914
2.1515
11.8856
37.57265
3.6476
7.1211
11.6505
15.4156
60.0118
2.2979
3.43315
12.5748
30.90595
3.7729
54.1592
0.1800
3.23065
0.1461
0.3615
0.2561
8.49425
2.0255
3.64095
0.0430
0.0467
1.5621
78.00365
0.0964
0.0414
2.8886
0.0000
1.4139
9.7344
20.3674
2.4565
13.2361
62.6900
0.4567
1.7332
2.2406
1.3000
0.0478
0.0672
1.6919
1.3609
4.3453
65.0466
2.4760
71.2960
0.0000
11.4166
0.3861
0.3899
0.0000
0.0260
0.0310
0.0338
0.05025
0.0602
0.0727
0.0754
0.0863
0.1043
0.1069875
0.109166666667
0.297866666667
0.313683333333
0.3528
1.20161666667
1.35475454545
2.04765833333
4.79659120879
15.0245
0.2906
0.3325
0.5638
0.8112
0.977283333333
1.0807
1.64251428571
3.737075
1.3754
0.3786
1.5598
13.236075
17.21915
0.0432
0.0908
0.2483
0.0449
0.1433
1.8144
13.3743
19.848075
21.431375
11.2276
35.97035
27.7845666667
0.0386
0.6013
0.4983
5.4058
61.1708
40.07415
1.0469
2.1825
0.0563
0.40045
0.699266666667
1.7191
2.6682875
10.3307
26.80815
0.0759
0.23675
1.1992
68.5196
0.0663
0.0744
0.0435
0.2744
0.7055
0.3040
0.0694
0.2865
2.2840
3.7047
0.0304
66.5730
2.4485
0.1206
0.5095
2.8986
7.4378
72.6601
0.8481
3.3224
1.8643
8.0491
59.0027
0.0416
9.8001
9.9709
64.0002
2.0387
1.9460
0.1078
6.2127
1.1936
2.6599
66.6621
2.4793
66.1672
5.1301
8.6081
0.0174
0.2314
0.0589
0.4707
1.9948
3.82755
0.2788
3.4819
67.1560
2.0796
0.1865
0.8818
1.8913
2.1403
1.5732
2.2084
0.2867
0.41125
0.4163
0.5564
0.628675
0.8599
1.2229
1.43795
13.2373266667
5.73490833333
0.0524
2.5536
3.1280
13.4368
3.0975
25.3265
1.7014
3.0102
0.0000
0.0002
0.00295
0.0106333333333
0.017675
0.0361
0.0364
0.0423
0.0485
0.0517
0.0571
0.0721
0.0781
0.0948333333333
0.11285
0.124091666667
0.182262857143
0.23398
0.279
0.302733333333
0.346429166667
26.3721205357
0.5488
0.7452
12.7585
10.87965
14.2674333333
19.8290
23.5792
31.4418375
34.0080666667
45.2472833333
62.78540625
2.3382
68.0112
65.5732
1.8351
2.5011
10.1926
3.3528
3.0673
0.1424
2.2786
42.5588
2.0707
0.0190
0.1640
0.1683
0.334725
0.433075
0.6141
13.7233
11.31085
11.9965333333
17.29296
22.8863583333
12.96404
49.2174636364
11.6136
5.1602
35.45565
5.752
59.6392111111
16.8589
46.39725
0.1409
5.75375
3.4278
0.6185
3.56945
4.6672
1.9153
50.8427
44.5516666667
1.0974
2.03335
27.2666333333
45.330375
39.28556
1.8353
11.4838
43.557175
0.2454
5.16805
1.6636
10.5856
0.0142
0.12675
0.0065
0.03405
2.2748
42.4045
0.1490
0.2003
0.1780
1.1755
1.791075
0.2756
0.37955
0.498933333333
1.06405
0.0000
3.6973
0.0831
0.09845
0.154366666667
0.0252
0.03845
0.1162
20.1639
15.3365
10.67765
18.43888
0.4320
0.49415
0.7120
0.8961
1.97643333333
28.451
4.96291875
1.7521
13.26415
67.4772333333
1.9967
2.4519
0.0647
0.40045
4.62123333333
8.6185
0.0146
4.1661
0.0200
0.0536
0.0537
0.0544
0.0575
0.0746333333333
0.09581
0.115671428571
0.15195
0.3910
1.87785
13.4541166667
3.73115333333
0.1055
13.7624
4.5166
8.838525
1.9532
43.6982
32.9747
57.834025
11.6157
2.4845
30.9191
24.637925
54.38536
6.6758
1.7795
26.5326
0.0001
0.00645
0.2176
0.4667
74.86026
0.2968
2.72585
0.3879
0.94115
0.0344
0.1051
0.1556
2.10781666667
0.0442
63.5366
0.4838
4.5506
32.2136
2.1012
14.1135
4.8521
10.0240
2.1595
34.5418
26.0064
43.4473
3.7469
4.83825
0.4311
0.6280
1.5817
1.7594
10.6373
11.7842
21.17705
29.6579666667
29.8084333333
38.8489208333
50.323805
0.1545
0.65285
3.0870
3.4534
36.7419
1.7910
0.7381
2.9218
20.0968
1.7068
2.03285
2.34636666667
5.8599
0.3176
2.3631
1.1376
4.6979
0.0433
0.2203
0.3710
0.4201
0.42835
0.4646
0.613925
1.10115
1.47836
2.6954
7.44496388889
0.0628
0.2616
0.4264
2.186425
1.6382
10.3688
10.8736
12.0802
12.61715
10.2768666667
15.386
20.60291875
29.68020625
46.0181
56.215085
2.4752
36.80045
26.3613333333
24.18115
43.03664
0.0275
0.0373
0.0818
0.27915
0.6989
0.75155
0.850316666667
1.38174
4.6760375
0.0599
0.06845
0.2877
1.465675
11.3641
11.26055
24.742
6.27085
0.0330
0.1606
0.3326
0.460075
12.2092
34.1207
23.7532666667
36.05925
56.0549
0.4155
0.97415
0.8522
16.1421
19.0430
12.3603
2.1655
59.30465
34.63476
3.9689
38.81215
0.2631
0.31995
0.517133333333
2.3121
8.8705
0.3514
0.3923
0.7631
3.046075
17.0502
14.397
67.6346666667
4.2678
7.817
14.4762
7.4028
2.7030
38.5349
0.0000
0.8643
0.8678
1.3934
1.6558
62.2285
2.9152
1.8848
3.2173
0.3001
8.7334
1.8856
4.6880
70.9694
2.0245
0.0463
0.9729
2.5463
4.8521
0.0544
2.27135
2.49086666667
11.1064
39.0161
0.0680
0.6775
3.446525
29.567575
45.90104
68.35015
0.0282
0.1331
15.2589
26.70865
0.2159
2.3647
35.4922
1.5871
3.84325
1.9642
4.5221
1.9781
36.38905
0.0000
0.0
0.0462
0.0496
0.3124
0.7114
4.7084
0.0565
0.9565
3.3770
4.3386
4.6454
21.1226
0.4552
0.2218
3.2344
0.9109
0.2738
0.5246
1.1231
2.7449
11.1320
4.8563
0.0947
0.7922
0.0000
0.3928
0.677866666667
0.93135
13.4968
35.664
0.0242
0.0371
0.0164
0.11435
0.0345
0.7323
13.6850
26.0976
23.7079
0.5294
0.6151
0.0000
6.4697
11.5893
13.80295
27.6092666667
0.0000
0.0539
0.0537
0.2433
63.7067
0.4748
0.0000
0.1070
0.0008
0.8790
1.1071
0.1931
64.2846
3.8794
1.6109
2.6557
2.9498
0.0002
0.1273
0.0000
61.8584
1.5609
0.1862
2.5608
2.3780
2.2125
0.3840
0.0077
0.5918
0.0918
1.8250
0.4969
0.7841
1.0172
4.3418
6.4862
1.2030
2.0751
3.9373
0.0211
0.0522
0.0618
0.09525
0.180466666667
0.0000
0.0703
8.75116666667
3.0799
1.2143
3.2661
63.6308
0.8734
77.0608
0.3024
1.9199
2.6373
2.3103
3.5235
2.1710
0.0297
0.2454
0.6131
70.0725
0.4295
9.4963
0.0801
2.7032
4.2279
2.1768
3.7008
3.8858
0.0751
3.4232
3.0101
2.3434
0.1148
1.5646
2.2063
0.0774
0.1338
6.2672
0.0895
0.13775
0.0091
40.3136
2.0360
0.3242
0.8380
6.6763
0.7488
8.5873
5.0129
1.5043
1.5056
1.8733
1.9133
1.9706
11.94
15.0355
26.5976
4.85745
5.86975
1.0106
1.52715
18.0917666667
24.2850
3.6654
69.308
11.2910
17.7804
28.6762333333
1.9321
32.99455
62.3224
1.0885
1.8672
3.3186
13.4954
4.94148
0.7855
1.9637
1.8433
2.1740
0.0000
0.0
0.2453
0.44265
1.7595
0.4101
2.6723
42.5504
65.1775333333
0.2151
0.54195
0.4400
1.99505
27.3203333333
36.7286
6.56104
0.0121
25.5001
34.4949333333
0.1400
0.90915
2.97443333333
2.2970
12.357
23.9618666667
15.4582
31.5794
5.4215
1.0278
62.93855
0.2390
0.0624
0.0374
1.1509
0.3297
0.5539
0.2935
0.69135
2.3147
27.49855
0.1571
0.1616
0.236375
0.802475
0.0000
0.0
0.0
1.5576
1.9122
10.3589
10.226425
11.02725
15.81625
5.77974285714
10.9517
2.9013
22.114175
24.816125
0.5561
1.8698
2.1257
2.8912
4.4762
10.8424
25.4893
20.49765
47.808
23.2516
1.0250
1.2281
9.698775
0.2385
1.8143
32.2477
0.8772
1.0914
0.1595
0.3548
4.4208
69.04955
69.2363
72.98435
0.2443
0.7553
2.17236666667
0.1927
2.6091
46.2791333333
0.2597
40.37375
0.0561
0.14915
3.1349
0.5734
34.0293
0.1325
1.62765
4.00646666667
0.0376
15.8180
10.183
16.2109
17.0366166667
14.45828
16.1747166667
2.8067
28.1576142857
3.4665
31.2706875
30.84953
49.250575
0.1029
0.5538
1.7770
2.38735
10.3189
2.1329
2.3531
17.52335
19.8744
30.16898
53.0009666667
0.0663
0.094
0.0372
0.08575
0.0195
0.0436
0.0541
0.0550
0.1083
0.1172
0.1739
0.2136
0.2599
0.3019
0.36625
0.36665
0.445166666667
0.60834
0.936508333333
1.0961375
1.1917
1.24168125
1.3154
10.571
31.0077625
1.0101
14.64685
6.8097
1.7907
53.3874
62.2986
0.0253
0.0578
0.11135
0.164733333333
0.3463
3.96005
53.0710666667
0.3012
0.5062
0.7122
0.0321
0.3974
0.0658
0.50805
0.0546
0.11155
0.128433333333
0.1471
0.0328
0.0474
0.0701
0.1422
0.4105
0.57835
24.2655
35.6399
55.0314285714
0.2860
0.3565
0.4254
0.474175
0.0596
35.9077
26.6208
0.1035
0.7753
15.7520
2.7033
19.90965
42.5075
0.1236
10.4715
11.1452
11.1745
10.13495
11.8830
12.0036
12.2029666667
14.62795
13.0620666667
27.6613333333
29.2681125
30.8953625
31.758125
19.45038
42.7676027778
50.2830736111
2.3725
58.5702
66.824125
69.023525
0.1985
37.38865
0.3409
10.5838
10.7898666667
18.08915
55.04922
0.2403
0.2637
0.291
0.4394
0.491375
10.5114
28.4024
14.9699
3.9003
19.373
66.14985
11.3641
11.4231
15.7778
18.37185
25.7149
28.4106666667
23.669175
30.91327
40.7233222222
1.6303
2.2203
25.1689
35.77955
0.5327
1.2983
2.4699
1.3547
11.2040
2.5362
6.5375
0.0000
0.6063
1.7555
0.0277
0.05835
0.2658
0.361266666667
0.43275
0.508583333333
0.649842857143
9.25995
0.0218
3.3351
0.0099
0.0223
0.19425
1.9329
2.5683375
4.96395
0.1356
2.11245
0.0167
0.0716
0.0832
0.1634
0.2293
0.2797
0.327416666667
0.425926666667
0.55816875
0.0187
0.0377
0.0390
0.0823
0.09115
0.163116666667
0.18778
0.2224
0.95490625
1.5168
1.86705
3.43376
0.0084
0.0314
0.1173
0.1822
0.3228
16.6898
0.2867
0.3371
1.90603333333
3.0936
34.50245
0.0505
0.1078
0.3330
0.4113
10.0393
10.1244
10.1726
10.1962
10.2067
10.2999
10.3081
10.3337
10.4410
10.6723
10.7631
10.7768333333
10.89715
11.2182
11.5766
11.0904
11.6101
11.73745
10.5951333333
11.74585
13.1056
14.1961666667
12.9405
18.8566222222
21.658575
25.477175
25.4879333333
26.2094708333
27.564775
29.57634
30.3639833333
31.3550216667
35.484425
35.6929534722
36.434825
36.4701
39.1029586667
45.5107508403
53.5805780488
55.1132727273
0.1107
0.2663
1.7610
12.9731333333
27.2433875
0.4272
1.8617
0.0050
0.0172
0.07405
1.4219
1.8043
13.0761
2.5011
38.72355
41.2020666667
52.1299333333
59.09822
0.8911
11.7308
38.49715
26.43505
46.21966
12.3941
2.8682
39.4132
6.38385
74.5259
0.0513
0.0639
0.0672
0.0682
0.07725
0.0892444444444
0.0965333333333
0.1030
0.1168
0.1226625
0.145605555556
0.1855
0.20025
0.259809090909
0.295883333333
0.37085
0.3995
0.425238461538
0.593166666667
0.66225
0.8819
1.274525
1.4596
1.82476666667
11.2262171429
18.4182294737
26.732225
3.4813
8.14215
0.0406
0.0902
0.0961
0.133666666667
0.29965
0.772366666667
0.1200
0.2405
0.8564
1.2968
1.36533333333
11.025275
18.5347066667
0.0039
0.1343
0.14865
0.1610
0.176916666667
0.19295
0.203533333333
0.2410625
0.823833333333
0.0490
0.05425
0.112433333333
0.14485
0.1610
0.37598
0.4391
1.04091666667
1.80058125
0.0418
0.0668
0.0914
0.28975
10.0591555556
11.6435
10.90845
12.4824
2.8582
45.89225
62.5319138889
0.1029
0.20725
0.3954
0.7064
0.0949
0.1248
0.0554
0.0337
0.0138
0.9637
1.3143
1.3863
1.5652
1.6650
1.68075
1.8509
10.24815
10.3534111111
10.6016
11.0047875
15.2167194444
16.2171
19.3162
33.0389192308
41.0682933333
0.5884
0.0000
1.0933
7.7049
0.1651
0.2087
0.1128
2.1693
2.4856
3.50705
0.0106
0.11305
10.8354
19.1813
19.0427666667
4.57385
7.6322
8.88388333333
0.5414
1.863
10.7926
22.99655
1.4683
10.9235
13.6102
2.38665
30.1379333333
34.2352833333
3.2731
33.83495
0.4458
0.95035
0.2358
3.2807
0.0593
1.29595
1.90556666667
7.9473
2.6694
0.0501
2.0418
3.1276
0.4638
2.2087
16.5090
2.1479
1.0344
5.2662
77.5710
0.1493
8.9928
0.3104
0.5061
2.0899
2.3534
0.1207
6.8085
3.5636
0.9785
19.5429
1.3044
2.4296
66.1562
0.2713
2.3985
0.6748
2.0730
3.0184
0.0338
2.2295
0.0789
5.1314
0.0278
0.1286
0.1004
0.0418
2.6953
3.0222
0.0237
0.0290
0.086
0.2466
0.0156
0.1456
0.0641
0.0279
0.0500
0.0760
0.0856
0.1191125
0.2109
0.272085714286
0.0003
25.3649
61.2301
12.8425
2.2394
11.1588
4.8669
12.7370
2.7925
5.3248
7.1333
6.9529
1.9510
1.3747
5.4198
0.1760
0.1086
0.7988
2.1057
1.9915
1.3073
0.0356
14.3903
3.6245
0.2557
86.3722
17.5805
0.5291
4.7362
5.5502
0.3579
10.5173
12.9813
6.2269
1.5534
2.1304
0.0980
59.7829
5.7473
0.0943
0.1623
0.3092
1.5656
1.6967
52.2911
14.3774
3.55725
1.5130
1.5806
28.44115
29.5161333333
0.0000
28.4965
0.0419
11.2749
12.6815
12.7657666667
30.8083125
39.2323166667
0.4027
0.84845
1.9596
11.0232
22.3145
14.5198
22.85995
19.4002
34.4054666667
6.9001
2.2725
2.93405
2.2359
2.61715
3.3094
7.139
1.6846
11.1037
2.4963
0.0331
0.08545
0.154333333333
6.7338
8.3344
0.4135
0.6507
14.9140
24.8434166667
0.2883
0.6628
0.7772
0.884075
1.09625
1.283
1.45175
1.7798875
9.75276666667
14.7089
13.71025
43.9468333333
2.0948
3.6001
26.1818
40.26995
48.8097
6.4625
45.6876333333
2.0927
33.86935
4.1776
23.9496
21.688
39.4553333333
61.6965
0.1884
0.22415
0.281733333333
2.7075
11.9312
15.3110
15.5403
15.43005
2.5195
27.3539833333
27.8877
26.2169133333
49.571525
0.0187
1.9640
13.8768
2.0094
3.89856666667
2.2412
2.5671
18.808625
16.2827
21.6784
52.82845
0.1240
0.21555
3.47163333333
29.3643
60.006
63.739
1.6495
2.42325
10.9744
14.2644
28.6968666667
12.0655
24.1984
51.83805
56.5719333333
0.2090
11.0127
2.2202
23.0696333333
40.6299
54.1141666667
56.3257428571
0.3124
1.9472
21.15955
2.2571
39.0748
12.5621
12.6551
27.538225
0.0506
0.1101
0.6042
1.8841
16.7651
3.486
0.0000
0.0
0.0032
0.0123
1.1887
1.6843
2.06685
2.69905
3.0479
20.638625
4.04224
10.8121
38.4181
25.1164333333
0.1271
0.3238
0.371433333333
0.0772
2.3366
26.4231
0.0216
1.2447
4.1126
44.6584833333
57.46276
0.1249
0.0365
0.0635
1.967525
0.1161
0.4745
5.1904
0.2914
0.3770
13.4687
12.1344333333
2.5912
19.6532375
31.4912583333
51.25165
0.0964
0.1094
0.1246
0.1622
0.27485
0.3653
0.431533333333
0.47635
0.72618
1.07585555556
1.28018333333
1.76423333333
4.8873877551
3.0718
67.18075
0.0521
0.2144
0.2771
0.3543
0.38065
0.39835
0.7452
1.0516
1.3863125
1.9197
1.956
2.44774583333
2.6076
44.009144
0.0000
0.7672
2.338975
0.0100
0.0204
0.04065
0.0518
0.0657
0.2212
0.2319
0.392475
0.40145
1.87586666667
3.448915
0.0129
0.19805
0.3138
10.10555
13.8461
2.3159
26.9802583333
59.8727
13.9856
4.84325
0.5506
5.0849
0.0255
0.26335
0.323666666667
2.222075
0.1738
11.1930
10.9824
5.66166666667
0.0198
0.0333
0.0387
0.05325
0.1700
0.2513
0.2633
0.289875
0.3012
0.30215
0.345075
0.4130
0.4369
0.893977777778
0.90757
0.94045
1.3143
1.7055
10.57583
11.5187142857
14.3765625
10.8195333333
13.50612
18.409971875
24.4019
22.7936
31.0292150794
39.828194
51.8809655172
53.4062566667
0.1173
0.8074
19.2792
6.36235
0.0331
0.1091
8.37853333333
0.0261
12.27025
1.5351
1.71405
0.0045
0.0111
0.0528666666667
0.09275
10.8188
10.1473
2.1638
25.12206
14.4613761905
22.5160
40.43675
0.0567
1.33025
3.78386666667
10.3784
56.23105
8.15993333333
0.0000
0.0001
0.490466666667
0.0888
0.15495
2.0852
2.7312
39.1568
74.8030666667
1.0290
65.1533
0.0615
0.0875
0.0943
0.177933333333
0.1783
0.19725
0.3245
0.3245
0.394025
0.86808125
3.2879125
66.2737666667
0.0725
0.31325
0.404933333333
0.1204
0.41625
0.1885
0.5437
0.7611
1.8274
19.3954
2.61685
21.982775
24.5896
36.529625
46.7731464286
0.0155
0.0699
0.1117
0.13405
0.19795
0.298533333333
0.419733333333
2.78508
33.53835
0.0488
0.05915
0.1003
0.2665
0.634233333333
0.7026
0.9722
1.55952222222
0.1812
0.25925
0.0368
0.0376
0.03945
0.0544
0.0565
0.0697
0.0836083333333
0.0970785714286
0.100411111111
0.0719
0.21095
0.2747
0.0369
0.0662
0.328675
0.554975
0.6475
0.7211
0.0000
0.0650
0.10175
0.0161
0.0588
0.05915
0.1103
0.1727
0.2280
0.2773375
0.288525
0.4107
0.488675
0.552843333333
0.862809090909
6.34823076923
0.0207
0.4629
0.5958
1.2484
3.57953333333
36.61434
0.0487
0.0538
0.0551
0.0645
0.0738
0.0754666666667
0.0864
0.0895
0.1011
0.116375
0.15215
0.165
0.175173333333
0.19315
0.273188888889
0.3134
0.46036
0.496272727273
0.5264
0.6252
0.7207
0.9244
0.9721
1.24286666667
1.49632708333
1.63565
11.433725
11.472375
11.7759833333
11.9716642857
16.3674138889
13.6270538462
19.2396428571
23.5756329861
41.4027044118
0.1678
0.7505
12.0046666667
57.6407
0.0179
0.03055
0.0332
0.0976
0.2275
0.929616666667
16.889
17.286625
0.8744
1.5310
1.8529
1.95095
13.8658
14.7992
28.1086333333
31.390275
36.0240125
47.65124
0.0132
39.74135
0.0000
0.0
0.3955
0.4161
0.4260
1.82224
1.9815
2.32803333333
19.9096428571
34.00114
63.3997727273
0.6052
0.69095
1.20333333333
32.8015
0.0004
0.02395
0.131
0.195625
0.5871
0.88625
1.02446666667
1.8876
6.53305
0.0297
0.05675
0.439433333333
0.0445
1.4727
10.3192
11.56705
18.9633666667
4.72967
0.0059
0.0235
0.7216
0.0235
0.4008
1.6940
0.5613
1.3470
0.1881
10.9200
0.0906
0.1197
1.1190
2.1469
4.7601
0.0588
0.0751
0.0853
0.101075
0.3884
0.467925
0.520433333333
0.5410
0.9106
1.23955
1.5953
10.348
12.2840777778
2.80293333333
3.19617272727
5.11006730769
18.1091
19.13995
23.3928
34.265225
0.0736
4.4190
0.1753
3.2963
1.9165
2.0731
5.4986
0.6170
20.6532
0.0000
1.7754
0.0578
0.0098
0.0561
0.2738
1.0282
1.8798
10.1861
10.3120
10.3928
10.5929
10.672
10.6792
10.7212
10.7384
10.8555
10.8663
11.9547
12.1718
15.1104
18.5685
19.0384
20.4915166667
21.2446666667
23.28825
27.26565
30.59235
31.0868166667
35.9787571429
36.7641625
39.6704625
43.0859708333
43.7732133333
47.0935493506
48.0567
52.59276
53.44315
17.9910
2.3593
35.7579
40.1324333333
0.0323
5.4098
0.3090
5.1672
16.9872
5.11215
15.6074
14.70955
24.2196666667
2.1710
2.8208
3.7013
2.7215
3.5792
2.1090
69.6218
1.4306
0.1765
2.1494
3.2783
2.4729
0.5059
0.0001
0.1193
0.3086
0.0457
0.2035
0.4333
0.7485
0.0539
2.2748
70.2687
8.7481
0.0000
0.2620
4.4014
0.7673
0.5849
0.0175
1.9884
0.0376
68.3613
2.8826
0.2537
0.1306
0.0001
0.02865
14.1986
5.1764
2.3391
2.81515
2.99913333333
15.6262
33.2244
43.2576
1.7917
3.54795
1.1339
1.7539
39.2998
60.7259
5.2443
2.2553
0.7657
0.8073
3.28126666667
7.434825
0.0257
1.9839
2.1640
2.4961
11.3993
2.8569
4.3567
0.1834
1.5729
2.1961
73.5309
8.8475
2.9050
9.6604
1.0712
3.1831
6.4091
15.5806
35.42025
7.4516
72.5032
0.1448
4.1900
62.1802
3.6909
2.9253
2.3454
1.3851
12.1510
1.1004
3.7128
2.2338
2.5035
6.6014
0.2793
0.4406
7.6914
2.4613
1.2150
1.8317
3.2608
69.0599
2.8020
2.5682
3.5718
1.7761
13.5297
22.743425
3.0287
6.34235
0.6820
2.63485
3.48476666667
0.3464
1.64495
1.98863333333
1.7286
14.5897
16.1091
28.6023666667
1.7916
38.75955
5.70996666667
0.1070
1.0225
2.3323
16.97025
0.0117
1.1441
1.3055
1.8841
2.1208
4.767
3.0658
41.67785
66.8770333333
0.0596
58.3301
14.7926
61.8191
0.0007
0.3442
0.50275
0.6291
12.0637
36.84305
0.0732
0.09505
0.135033333333
0.617475
0.0536
0.06005
0.113266666667
0.15285
0.42846
1.68545
0.0592
0.1689
0.0598
0.2306
0.510375
0.3117
1.1880
1.33125
2.00943333333
10.3237
12.73855
14.5165
2.5936
22.8362833333
32.35585
44.2861466667
54.95565
2.0312
2.29785
0.0002
0.0706
0.536475
0.0000
0.0797
0.1122
0.3643
10.3939125
0.3830
0.7452
0.8288
1.497625
1.8271
1.99465
2.8683
3.17614
5.32634444444
0.0577
0.0504
0.12995
0.4266
0.46755
1.0264
1.27444
1.7991
7.8353
0.3264
0.6091
0.2572
0.5044
1.90466666667
16.7771
0.2144
0.2911
0.0549
0.08005
0.1250
0.165866666667
0.2477625
0.2878
0.0280
0.08745
0.0659
1.9474
16.5325
5.22886666667
0.2201
9.4432
0.0523
3.2385
73.57565
0.0000
0.0001
0.0005
0.0008
0.005
0.09012
0.1292
0.2438
0.3109
0.32255
0.4237
0.443225
0.508375
0.5415
1.08665
16.9449533333
19.0511
3.65105
36.86618
31.6205555556
0.0000
0.9926
0.1051
0.0341
62.4058
0.0687
0.1302
0.148925
0.2825
0.4427
0.56668
0.7994
1.1815
10.1581833333
14.216575
16.0787727273
21.1130833333
0.0529
0.259
0.5956
0.1173
0.3498
0.5558
31.99025
5.6444
11.2185
3.86905
32.8139666667
58.96585
1.9220
0.5059
0.7096
0.923425
3.00175
0.0366
0.2177
1.3303
1.95225
10.0527
12.7262
15.3926666667
35.09806
43.2691095238
0.0006
0.32845
38.2570333333
0.0802
0.1838
0.3594
0.0338
0.8831
1.11105
1.2873
3.6619
2.0975
2.2752
2.0641
0.0692
0.1597
0.2058
0.35895
0.0246
0.1706
1.26755
2.4935
0.3304
0.4642
0.6638
0.8596
1.2732
1.4045
10.010125
2.545925
13.0263708333
27.88653
0.3686
0.6652
0.9204
1.7736
11.5520
10.3985666667
12.1781
27.9143
0.1699
0.17555
0.316266666667
1.80045
10.26646
10.3981
11.72145
12.9984166667
0.0129
0.08885
0.147366666667
0.220325
0.29156
0.44865
2.08307142857
10.9210
15.41225
2.7329
18.4243
28.7550666667
30.2124333333
0.6341
0.88895
1.4370
1.6607
13.4096166667
10.26722
2.52381666667
0.0426
0.0495
1.5719
3.2403
13.789825
0.2960
0.58665
1.80463333333
2.2748
2.4878
3.97985
5.47972666667
0.9988
2.4108
3.0360
0.1771
0.3649
0.4313
1.4277
3.0749
0.0387
0.1239
0.6042
0.4969
0.4677
0.0377
0.2899
2.7983
0.3684
2.3558
4.5520
2.8328
0.0048
0.0391
0.0454
0.04675
0.0719
0.0902875
0.2674
0.3233
0.3422
0.3810
0.4067
0.46815
0.73115
0.7771
1.2124
1.50156666667
1.65259583333
1.994385
13.1501854167
17.6419
2.1862
2.91664583333
19.0843736842
0.0094
0.0687
0.475
1.9270
10.1748
17.7346
16.157875
39.7259733333
2.3022
2.3108
2.1846
2.3725
1.2497
3.7717
2.3129
3.5616
2.2162
2.3953
0.0118
0.0959
0.121133333333
0.235425
0.3130
35.3183
0.1202
0.7463
13.2397
7.1991
0.1215
0.2411
0.4273
1.22265
1.0160
0.0442
8.4558
0.7151
0.0000
0.0922
2.2251
0.1993
0.0098
0.0147
27.7583
3.0948
5.0330
5.9953
4.3402
1.9637
1.8392
9.7030
11.8872
2.1007
0.1148
0.4071
64.5613
0.0540
0.3318
1.8365
0.1917
0.0661
1.8533
66.6792
1.5848
0.2358
0.3948
0.2751
1.5102
3.0889
21.4046
56.78715
3.7320
1.1390
6.08805
0.6868
2.41155
0.2987
1.8020
10.5914
3.2634
6.64752222222
1.7686
2.17665
16.1149
33.4839
10.5478
9.3556
15.0582
11.7784
7.85503333333
0.5992
1.0841
1.13013333333
1.866975
26.73154
3.8458
7.9147
0.9024
4.4464
0.0720
0.70575
1.5347
1.849
13.1339
2.24354444444
47.4838666667
39.7467875
2.3021
2.4508
34.922
4.27
44.8458888889
69.9070666667
0.3329
2.733
0.0579
0.1803
0.24925
0.33345
0.392066666667
0.4739
0.588333333333
1.03906
4.74376666667
2.5096
64.4359
0.0333
0.0378
0.04835
0.05665
0.0763888888889
0.1500
0.161583333333
0.2907
0.2914
0.5251
0.53275
0.765666666667
0.774814285714
0.798533333333
0.82495
0.8736875
0.984666666667
1.081875
1.22326
10.4243596154
13.6923470588
17.82918
10.6027981481
2.6902875
32.520468
0.1332
0.0894
6.5303
0.0557
2.1538
9.9890
56.2334
68.6141
10.0658
23.17855
28.0531333333
4.334425
6.61506
0.2952
5.2462
0.5509
0.3435
64.6559
65.5526
69.3799
6.4739
0.8125
4.7669
0.0395
0.7856
0.0164
1.5888
21.8207
0.4792
1.9693
5.5891
3.7742
59.2569
1.8522
2.5039
7.9205
4.8060
0.3123
1.3479
2.09793333333
5.0029
0.2740
0.5432
70.9990
4.4380
4.9866
2.3741
3.9911
0.0833
0.7750
2.3188
10.1802
0.1336
0.28785
0.9614
1.0558
25.7085375
0.5955
1.2853
1.5897
1.6815
10.22896
10.4957
13.9766
14.1388
15.1834916667
13.523975
14.2964444444
20.17002
24.7287363636
30.8471384615
1.5015
5.7975
66.1758
0.2373
2.1346
4.3064
0.1542
0.2869
36.7469
0.5022
17.3539
68.1564
0.0104
0.0156
0.0290
0.0291
0.0291
0.03305
0.0343
0.0401333333333
0.0418
0.0458
0.0466
0.0478
0.05035
0.07125
0.0893
0.166
0.23485
0.2566
0.2673
0.2950875
0.309933333333
0.3439
0.375166666667
0.448983333333
0.4555
0.5861
0.6524
0.65894
0.676728571429
0.7063
0.8126
0.83255
0.8488
0.88535
0.901445833333
0.95945
0.999295238095
1.30779117647
1.5630352381
10.2620307692
14.9541766667
12.9719758242
12.6204349593
2.3290
6.68792727273
0.2453
1.8094
0.0584
0.0691
0.115
0.152466666667
0.1602
0.2017
0.235033333333
0.4244
0.529475
0.55335
1.2771875
2.54055185185
37.6101875
12.9499714286
0.0001
0.0132
0.0264
0.0511
0.0587
0.1097
0.117075
0.2669
0.296
0.37302
0.5708
14.9773
12.5072163265
0.0000
0.0001
0.0001
0.000175
0.0502
0.08838
0.103785714286
0.79715
0.4141
0.2781
0.43195
0.2495
0.40605
0.4366
18.046675
5.28026
10.9036
12.2639
26.3921
15.713625
42.97754
49.4306333333
0.0097
0.07355
0.124
0.1586
0.1656
0.19345
0.2918
0.346666666667
0.429885714286
1.0476
1.22065
1.5343
1.9251375
10.86895
11.9097666667
17.1702222222
31.0344333333
25.2245125
32.9188366667
35.9010875
42.0236418803
0.0279
0.0429
0.06095
0.0955
0.121483333333
0.2274
0.67977
1.1392
1.3812625
1.66145
2.24683333333
2.4495
14.0652555556
4.32423636364
9.69175208333
0.0353
0.0762
0.0002
0.0773
0.144033333333
0.0868
0.1961
0.52025
0.841766666667
1.3987
1.4483
10.2276
2.0074
2.5439
23.770725
32.4215
5.49343333333
0.0669
0.10005
0.1216
0.735
0.9283
3.80095
1.6107
10.2079
12.6497
16.10695
16.60705
23.2068333333
30.8178733333
45.8665
0.0179
1.3676
0.0567
0.13935
0.2593
0.0109
1.4004
0.1508
0.8942
17.4398
10.8698
0.0746
0.1337
0.5404
0.9944
1.1046375
0.0971
0.3729
0.1281
0.2559
0.0285
0.0338
0.0728
0.14425
0.28074
0.474216666667
0.1500
0.5081
2.1833
2.46045
40.67695
0.0666
0.1005
14.2349
12.12085
15.4582
35.50045
0.0356
0.0649
1.85166666667
3.1958
0.0000
0.0151
0.14565
0.25345
0.34986
0.3015
0.3125
0.78895
16.309
0.0789
1.4483
0.7992
64.4899
0.0497
0.0825
0.293133333333
0.0667
0.6024
0.7107
41.57225
49.2475333333
16.7416
6.376
0.0000
0.0
0.0
0.506875
12.4727
43.7073
65.2232
66.2147833333
0.2665
0.9562
1.0268
1.5502
1.83915
10.08635
10.1278
10.4224
10.4268
11.1848
11.4684
11.8225
10.1662
11.85015
10.663
10.911375
10.42662
12.2431666667
12.2658
13.0915
15.2437
2.2724
21.0538
22.1403125
23.22555
23.824
25.88485
29.1356125
35.7573909091
37.9644428571
38.024325
41.7754928571
44.09856875
45.1875666667
47.4945989474
53.0031353448
0.0000
0.0
0.0
0.0
0.0
0.0
0.0957
0.1367625
0.161288888889
0.0695
0.08755
0.1041
0.119433333333
0.1317
0.161775
0.19798
0.223072222222
0.272077777778
0.49459
0.581472727273
6.79339166667
0.0394
0.0738
0.0813
0.0827
0.143333333333
0.191175
1.07525
11.9138
2.12165
18.9937333333
36.20928
57.4270952381
60.7798307692
11.8938
21.9401
28.925
42.0931666667
0.7744
1.0488
3.702325
12.7017
15.3243
36.707925
10.1614
20.73
28.6449
44.10945
0.0462
0.0565
24.8598666667
48.8138
68.29895
71.7153666667
0.0000
43.8643
62.7131333333
0.0567
23.97515
30.9667666667
1.7944
1.8112
1.8270
11.717625
20.27895
39.4099333333
0.4750
0.9249
1.2662
1.54705
16.0727
19.8112333333
30.99718
38.33155
21.1838
44.5730392857
0.0042
25.0524
0.0381
11.3720
12.3077
20.99275
14.459575
16.7875166667
25.4193285714
0.0799
0.1191
0.313033333333
0.6807
1.2199
1.91866666667
15.8214
2.047525
6.54267
0.1166
0.12075
0.192566666667
0.29385
0.1739
0.2318
0.7349
2.07833333333
0.0344
0.05815
0.0618
0.0682
0.0715
0.0905
0.23845
0.273966666667
0.3015
0.375977777778
0.418508333333
0.69358
1.04164615385
2.41684285714
0.0487
0.0779
0.0964
0.12645
0.135
0.1456
0.155488888889
0.1629
0.18505
0.211557142857
2.76527777778
0.0893
0.10175
0.2155
48.9675
0.1471
0.1630
1.1324
2.34825
0.6706
1.4245
1.6961
10.81545
13.1011666667
10.5494125
21.1511
30.3867444444
0.0185
0.1123
0.1445
0.288475
0.66475
0.99425
11.0050
11.9415857143
39.265475
0.0412
0.0676
0.0683
0.0719
0.0780
0.0877
0.11075
0.118522222222
0.145033333333
0.183891666667
0.7616
5.27949333333
13.8838
15.9123
22.39245
7.21538333333
0.0000
0.0372
0.0676
0.083
10.5245
15.19175
17.6409
21.7016666667
0.0000
0.0
0.0000
4.36485
0.3394
6.6401
0.1652
0.0963
0.7160
15.0455
0.0085
0.4383
0.9542
1.2377
1.0407
2.7159
0.0000
0.0
0.0000
0.1326
1.0037
4.782925
1.9224
2.6108
3.0430
0.0000
3.7852
1.6794
2.4790
0.2803
2.9418
2.5998
67.1262
0.0000
1.5358
17.1799
0.2785
69.5869
0.0000
0.3989
2.6245
0.2556
0.0483
0.12245
0.0543
0.0794
16.7455
1.0256
4.1216
0.0480
0.0321
0.5122
0.0001
0.0203
0.1658
5.4920
2.1647
2.3842
3.3857
0.0000
8.8207
0.0000
1.2363
0.0057
2.7188
0.4794
0.0011
15.3516
0.0626
3.04755
0.1715
0.2988
0.95135
10.7284
8.92115
1.9720
2.2972
59.5845
19.4288
5.66935
2.0984
5.89365
0.9659
2.1892
6.25903333333
0.1353
2.22855
0.1166
14.0448
4.46895
0.1421
0.6914
0.0225
0.0464
0.0478
0.0661
0.0780
0.12965
0.1786
0.2165
0.224533333333
0.28945
0.389075
0.7126
1.48326
10.44565
11.7061333333
11.4346392857
16.7263625
3.0577125
5.78432626263
1.9017
0.0683
0.0791
0.08035
0.0812333333333
0.0899
0.0982
0.1140
0.1834
0.19942
0.2405
0.25305
0.3805
0.4502
0.55388
0.5592
0.5816
0.8157
0.9327
0.94965
1.678325
12.4561333333
11.5035685714
19.51913125
10.2906433333
13.7237730769
32.6307494444
1.7840
0.0150
0.0579
0.1675
0.2989
0.3019
0.34785
0.390275
0.4056
0.48645
0.63325
0.635233333333
0.80845
0.9377
0.994625
1.34546666667
13.2609
17.65035
21.431952381
25.7342114286
42.0651911765
2.2153
0.6614
4.75605
0.0618
9.6884
6.8236
0.0100
3.0338
0.0903
2.5588
4.0160
6.0234
2.4251
9.1345
2.3925
1.1274
12.5308
3.0628
0.3193
0.5037
3.2877
2.2423
2.0449
2.8605
62.8879
0.0294
0.5663
0.0732
6.4986
0.1839
1.7428
0.6874
0.0257
0.6060
0.0542
0.2124
11.4628
14.74275
16.2607333333
38.67985
0.1749
0.0358
0.2436
0.5576
0.6664
0.6980
0.8627
0.9659
1.11225
1.21353333333
1.6731
11.2655
11.31152
11.485475
11.59025
12.45927
11.3129464286
13.5323651515
38.7550647059
10.1434055556
7.4328
0.0344
0.0878
0.22305
2.4246
2.6786
0.2086
0.22325
0.306966666667
0.4734
10.287275
3.0405
44.7250857143
14.4349
38.17465
50.6234666667
0.0461
2.5554
2.0322
3.1071
3.1356
2.3700
1.0469
16.6916
66.4345
69.4671
2.1586
5.98
2.4913
0.0000
2.5616
0.4175
0.2270
15.3923
0.0452
3.2531
2.8663
2.8364
0.3438
0.2644
0.0907
3.2124
0.0308
0.0000
2.2486
0.0733
0.1288
0.4332
0.6833
17.2146333333
1.9391
2.4117
0.3737
1.9625
2.6268
0.1286
4.8364
0.2880
0.0000
0.1580
0.0168
0.02785
0.0375
0.0587
0.09075
0.1052
0.315525
0.35674
0.6180
0.7543
1.2388
19.0568875
2.92527222222
7.14875
0.0767
0.1218
0.1554
0.165875
0.19564
1.6705
1.90917142857
0.0919
0.2127
0.0938
0.17225
0.2125
0.246133333333
0.87716
2.46605
0.3675
0.9528
1.4658
1.79545
1.8617
1.92226666667
2.770075
6.512095
0.3325
11.7329
11.4886
2.99315
11.2624
28.0687
36.766775
46.11963
0.1385
0.6830
1.25925
1.841
16.89648
1.5429
1.9871
2.3712
22.474
30.9292625
0.0657
0.2574
0.3779
0.4584
0.4885
1.0658
1.078375
1.2205
1.973175
13.2335866667
11.5892375
3.55315
4.19560888889
0.0126
28.1038
68.43565
0.0000
0.6091
3.57433333333
0.1826
3.3324
0.0359
2.0095
22.76685
23.5777
26.7192
36.7925
2.5749
3.10275
7.03323333333
0.2159
2.3694
0.0000
0.7402
0.3295
0.40275
0.0117
0.05505
0.0232
0.0698
0.1855
0.379066666667
18.8941
62.5217
0.1941
1.4048
1.73075
24.6030333333
34.79495
15.7036
10.7789
14.6869
33.3683
12.6245
16.74005
28.3293666667
38.8303
6.7370
64.58793
0.0120
0.043
0.692133333333
1.34915
16.02542
31.8102166667
57.8992142857
2.6213
4.524
0.3688
0.8529
14.74195
33.557525
0.0454
2.80395
0.0224
0.09225
0.2552
0.9036
1.5883
1.6704
10.8969
10.72855
11.8948666667
12.7288
13.4572
18.6004166667
17.060025
21.9118666667
39.0643944444
47.2759566667
10.0276
10.77895
10.9818333333
20.82525
31.85628
28.0025333333
16.3016
3.02995
45.1996
0.3204
7.06935
25.8588
65.04075
11.1074
11.9235
13.0101
15.69605
21.0392833333
29.31247
4.0942
37.4352
1.9809
3.1576
18.0652333333
5.3056
0.0103
0.4475
0.705066666667
0.0467
0.0970
0.9113
1.6039
2.8839
10.1728
11.8360
13.7079
2.1021
2.3996
21.945325
17.3323375
28.068575
41.5377791667
0.0401
0.3393
0.3605
0.6384
0.705933333333
0.750325
0.1513
0.2431
0.0513
0.0537
0.103066666667
0.1223
0.3407
0.0424
0.33705
7.7836
0.2617
1.45885
0.1565
0.2332
10.2752
12.3144
18.5044
12.68525
22.4448
35.53499
37.3111142857
0.7973
0.3706
0.6493
15.5420
4.8804
71.31235
0.3769
0.7634
0.7993
1.5913
11.6199
13.6051666667
14.75823125
40.5053
46.8811222222
0.2284
1.00665
0.7920
38.8527
0.1977
2.896
59.0114
0.3430
0.51865
0.4562
0.6546
15.3146
46.3629
0.0308
10.4378
3.0856
3.5729
26.3301
7.57355
17.5242
5.1318
0.0075
0.0608
0.1205
0.310183333333
0.6901
0.74125
0.0300
0.4444
0.9912
2.56825
0.0130
0.06355
0.1889
13.9506
34.212925
0.0077
0.0641
0.0745
0.1199
0.1300
0.1651
0.1840
0.18595
2.44211875
3.41068
0.2391
0.503
0.644733333333
0.0001
0.1733
0.3666
0.429333333333
8.309175
0.0979
0.63625
1.19403333333
50.4673
0.0641
0.0754
0.161633333333
0.34775
1.1762
1.2728
1.64691
2.20131428571
18.3710875
10.4349777778
37.52222
13.4707909091
0.1878
0.2672
0.4581
0.561975
0.0747
0.0998
0.1605
0.3922
0.51005
1.30715833333
0.0125
0.0332
0.0632
0.0693
0.0740666666667
0.08725
0.0937
0.0950
0.1011
0.1055
0.1077
0.1084
0.1172
0.1265
0.1267
0.1376
0.162142857143
0.1953
0.2058
0.2309
0.2319
0.312466666667
0.3296
0.3459
0.384766666667
0.512933333333
0.587173333333
0.7303
0.776775
1.099975
1.24231666667
1.3257875
10.0563
10.4441875
14.8719875
14.9156666667
17.2952363636
23.10016
36.4564696429
40.3214177419
0.0001
0.00045
0.144433333333
0.0138
0.05905
0.0819
0.0834
0.0863
0.0869
0.1034
0.1099
0.1111
0.1121
0.11985
0.1246
0.130616666667
0.1343
0.13896
0.141642857143
0.15015
0.1503875
0.163333333333
0.1679
0.172344444444
0.17825
0.18687
0.209384415584
0.2245
0.25328
0.304694444444
0.33175
0.398710416667
0.437653571429
0.462444827586
0.468066666667
1.44364333333
6.03018467742
0.0000
0.0188
0.0271
0.032
0.0464
0.0596333333333
0.0598
0.07765
0.1098
0.1253
0.2331125
14.8524738095
0.0932
0.1052
0.1377
0.2106
0.256066666667
0.4776
0.5368
0.91732
1.9132
1.9927
10.5464
11.4589
14.27055
13.2139388889
15.6204272727
16.65215
16.7005583333
2.5257
27.7416519231
34.1463794118
36.7779
45.0844
48.871875
50.1605958333
54.590496
0.0001
0.0177
0.0201
0.0249666666667
0.031975
0.03915
0.0449
0.0630
0.0785
0.0978
0.1059
0.1362
0.185575
0.20634
0.245975
0.2796
0.335566666667
35.7174102041
24.0696702381
0.1171
0.2372
0.611933333333
1.9301
11.3865
2.45258
14.84955
21.7035071429
25.0826333333
63.52087
0.0271
0.05125
0.6787
2.4263
1.9148
3.2105
3.0802
0.0156
0.0222
0.0523
0.0592
0.0748
0.10055
0.1060
0.1072
0.1174
0.1191
0.11995
0.1259
0.1319
0.1351625
0.1433
0.1445
0.1513
0.1519
0.152066666667
0.1636
0.167277777778
0.1811875
0.1922
0.2187
0.229475
0.262560606061
0.30337
0.426971428571
0.4496
0.571946666667
0.59541875
1.41595454545
3.75345119048
6.68165757576
0.0498
0.1058
0.4944
0.80535
1.8180
2.0793
53.52835
0.0658
0.7135
0.0000
0.0
0.4192
0.1187
0.2876
0.0991
0.2212
0.24445
0.502616666667
0.0274
0.4896
0.0432
0.0109
0.38595
72.0956
1.1595
1.1929
0.0317
0.5950
4.2057
6.8669
1.9535
2.0266
3.9006
1.8999
2.6831
0.0448
0.0001
1.8745
1.6512
1.4541
1.8382
11.857
16.1592333333
30.97262
1.9157
5.1489
2.9054
34.0837
63.6716666667
0.1163
0.25395
0.2331
0.75015
2.8260
51.5561166667
46.3247
29.5651
59.8472
6.661
0.0740
0.80355
3.798
0.8595
16.7847
19.44105
1.4710
2.0062
23.49
0.3184
4.7391
0.1983
0.2046
13.8011
11.4689
2.8248
0.0528
0.0506
0.2867
2.0247
6.0455
9.2637
3.5581
1.4650
1.1877
0.7307
3.2154
76.4013
0.4328
61.6344
0.7362
1.2214
0.0111
0.8515
0.1750
0.48635
5.9080
38.30595
0.8313
5.8356
0.1394
2.2057
76.80785
0.1971
0.3534
0.0336
0.19225
1.7058
17.2212
13.6204
5.86835
4.5651
60.7663
0.1982
0.4094
0.0071
0.0530
24.8513
3.0297
5.6084
0.5184
0.5867
12.7925
0.2010
27.2401
76.5577
8.9721
63.0283
0.2362
0.0708
5.1797
0.1435
0.1627
6.3676
7.7510
25.3430
0.5849
3.7366
23.1023
0.0507
2.4502
2.1739
0.0171
0.5501
16.5757
1.0785
8.7533
1.9356
69.2974
69.6712
0.1472
64.2653
7.0497
3.2441
73.4954
42.13695
9.4305
0.0457
62.5514
1.5833
69.4790
2.4547
0.0147
0.8189
0.2692
48.1980
0.0135
0.05915
0.0746
0.0844
0.09985
0.11937
31.0757428571
0.2768
3.0226
2.6547
0.0149
0.0240
2.9499
2.2802
67.7679
0.0000
0.0000
5.0764
2.6918
0.2481
1.1493
0.1701
0.8257
0.2406
0.37185
0.5001
0.544116666667
0.62952
0.0664
0.1647
0.2073
0.0788
0.48275
0.6160
1.2612
0.0001
0.7249
0.1183
0.2823
0.3707
0.4141
0.576711111111
0.922016666667
0.1185
1.9059
2.6129
0.0548
1.9279
1.7607
1.9178
3.6335
10.5717
10.9865
10.01275
11.3367
12.22245
12.3335
10.71045
15.6151
16.5899
26.4604
30.4328777778
38.0213666667
25.00228
44.5757
44.5996666667
54.0698111111
55.2856481481
64.4220388889
66.8348052632
2.5595
0.8419
1.02545
1.0957
1.6829
10.1171
10.1706
11.4138
12.9343
19.3716
12.9142166667
2.77755
28.1424
39.2736416667
43.1511727273
0.3405
0.5578
2.0572
49.867175
0.0000
0.04695
0.0754
0.3694
0.393333333333
0.4285
0.50415
0.700266666667
0.7479
0.97514
1.208
1.4889
1.59825
18.49135
2.0257
2.53505
38.8485230769
4.74578142857
0.1749
0.3997
0.0287
0.062
0.0212
0.04255
0.0594
0.095
4.4631
69.00075
49.2246
70.439425
13.7784
5.0666
1.5359
5.0167
0.6874
1.6847
38.95115
26.7916666667
20.0015
68.8333
0.0127
0.1065
0.3181
0.42875
0.61545
1.83395
12.6598222222
12.9164166667
12.1710857143
11.5058041667
23.2617272727
3.7081
35.000625
0.0074
0.0132
0.0496666666667
0.1219
20.30168
0.1177
0.15875
0.1528
0.1582
10.4946
45.4197
67.9550333333
0.0402
0.5083
15.87045
45.4125666667
0.2303
1.7688
0.1663
2.1944
0.3300
0.61295
10.2305
10.5784
10.419
11.03005
2.2922
20.6798
21.5649777778
32.19745
40.6557111111
48.6562027778
0.1347
0.9448
1.31293333333
2.2884
23.373425
3.65337
0.0383
0.1102
0.2651
0.2675
0.553825
1.6102
1.89337333333
28.964975
10.9187222222
16.8959
2.4320
31.6597
4.1163
50.6426333333
0.0292
0.0612
0.0922
0.134566666667
2.4932
1.1004
1.1739
1.748
32.47055
0.1050
0.3514
0.37625
0.632533333333
1.4564375
3.1239
64.92015
0.2834
1.0089
1.1872
1.591775
2.0198
5.59139
0.2006
0.2555
0.2924
0.3939
0.480766666667
1.1409625
1.3502
12.0284833333
16.7424888889
26.34329
0.5061
0.5591
0.6961
1.279925
4.5957
34.30135
26.8007666667
1.4338
10.03625
10.3063333333
13.4825
41.34225
13.9187
2.9935
3.7646
14.5572666667
1.7313
6.9192
0.0669
54.0476
1.7295
18.7847
22.228225
35.148325
1.0067
12.7381
38.2933
0.2815
7.23935
0.0603
0.09455
0.5428
3.033475
0.0345
0.5131
0.5608
0.60475
0.0483
0.53455
0.0002
0.0356
5.14096666667
0.1064
0.15065
0.0000
0.00285
0.0169666666667
2.6192
0.2061
13.0837
12.71765
13.0850666667
7.4332
0.2784
3.51045
6.3850
0.8979
2.9759
0.9755
2.3727
59.4391
0.0511
0.0380
3.2943
70.6391
0.7589
0.0410
0.06425
0.0711
0.0817
0.1033
0.11015
0.120925
0.13015
0.132766666667
0.14262
0.153583333333
0.163253571429
0.203633333333
1.66709545455
0.7106
1.1921
11.2537
11.6032
20.6365
25.0272
35.48709375
1.1418
39.16675
0.0265
0.1965
0.31525
0.590666666667
0.76746
2.6746
6.8994
1.4076
0.0174
0.4368
1.2151
1.42395
37.7812333333
40.7890416667
0.3140
11.7948
3.0095
22.7326333333
4.38945
47.8640666667
54.3888857143
57.037225
0.0000
0.0
0.6906
0.0000
0.27205
2.7106
0.1200
3.02085
0.0349
0.0893
0.6581
0.70195
2.722
44.89625
2.3242
35.1348
0.1401
0.485
2.02793333333
0.5019
0.89265
11.0625
6.93795
0.2016
1.7116
1.93875
49.79995
64.63706
1.6122
44.9087
26.5681333333
73.7626
0.1229
0.30705
2.3539
42.011975
0.0662
0.1767
0.0472
0.23925
0.0636
0.33735
0.413266666667
0.451875
1.3858
1.8544
10.8809
13.61945
11.0828333333
18.6588375
19.9193166667
2.1577
21.7880666667
23.4149
27.5555607143
49.3619090909
59.5917538462
0.0550
0.1285
0.8167
1.1720
11.36735
36.2048333333
53.850825
62.62006
1.2157
58.90745
0.0275
0.0615
0.306766666667
1.249425
1.2978
17.22729
15.5848
33.18435
26.9290333333
0.1006
0.72965
0.7605
0.8763
1.7008
1.70608
0.1567
0.2982
0.4434
1.95535
21.3999
13.2645916667
0.3239
3.02985
1.1741
11.3111
35.8688
0.0423
11.6032
12.2741
10.20015
23.7004166667
17.97194
18.9834416667
23.000825
30.9485444444
0.0560
4.61515
38.7229333333
0.7950
4.512
61.6434
65.70505
0.1895
0.43215
11.0541
11.2711
19.252475
14.0499
21.6058733333
12.0071875
46.0287333333
0.0671
0.19355
4.8441
0.1311
0.30075
2.0210
0.0575
0.2154
0.34515
1.8520
10.06215
10.43562
4.35082857143
62.85295
0.0000
0.0
0.0
0.0
0.0000
0.0
0.0
0.0
0.0
63.7114
7.4825
10.9781
0.7518
1.5583
2.5060
0.0468
0.0480
2.7507
0.2812
0.0000
0.1923
0.9019
5.4976
0.6259
0.0318
27.1283
0.0269
4.9832
0.1028
2.7406
0.1892
0.0000
0.1053
0.2344
1.1489
0.0638
0.2549
0.4150
0.1677
0.0093
0.04115
0.0506
0.066675
0.07936
0.0894
0.118416666667
0.2460
0.330142857143
0.7455
1.67390740741
2.4305
7.6247
19.3415
35.72465
34.5681
41.6388
3.0901
4.7166
1.9092
5.42445
1.8510
2.3196
1.8399
2.21455
1.1791
2.59475
24.1768
4.7307
37.6392
15.4154
11.58775
66.2997
0.0223
0.678
0.0276
0.03545
0.0496
2.45705
5.0715
0.3224
0.0028
0.0105
0.0881
0.0764
0.8842
2.7605
0.0341
0.0770
0.5236
0.6800
0.99855
1.1447
1.90956
25.70675
13.0915857143
35.8093625
41.0341666667
61.7697
0.4936
3.0537
2.9186
10.7236
2.0066
3.4251
13.8471
3.9006
10.0114
17.8104
0.3006
1.3308
0.3007
2.2206
2.3097
0.0000
64.1632
76.0346
2.1537
10.5671
3.59865
5.33003333333
0.1753
10.7065
20.491275
22.988525
64.2566
67.49075
0.1860
2.40495
11.7316
22.5397
32.90775
38.58365
0.1239
1.529
2.0559
72.9250
0.0277
7.0867
0.0310
0.3088
4.6175
1.1705
1.6913
2.8026
72.9485
0.0447
0.0377
0.1426
0.5930
4.3684
3.3453
59.2035
0.5003
36.1471
3.9904
0.3883
60.4344
2.1055
0.9986
0.1093
0.6785
71.5818
68.9909
3.3637
1.3518
2.6046
1.6813
3.5125
0.5737
3.2500
2.8509
0.5360
0.0000
0.1231
0.0000
0.1954
1.0557
2.673
25.3139
3.1317
7.6683
12.6117
19.82985
31.6129666667
0.4312
0.3693
38.79095
1.9771
2.65
0.5993
1.4476
32.6372666667
49.443225
0.0065
0.0112
0.0867
0.14465
0.1707
0.171433333333
0.200225
0.294316666667
0.4360
0.52565
0.61855
1.88633333333
10.0896377778
1.8848
10.2244
2.4179
46.8074166667
66.62578
0.9268
2.7383
41.05625
6.9741
0.0279
0.038
0.0699
0.103266666667
0.1229
0.753416666667
0.9528
0.0000
0.0
0.0
0.0000
0.0000
0.0031
0.0057
0.00768333333333
0.0182571428571
0.0225458333333
0.0942545454545
1.3276
35.18525
19.6060
31.24585
1.6843
15.6849
39.634
0.6713
1.6897
3.5125
5.9783
0.1172
0.21745
2.0503
4.67455
0.3561
1.8817
2.1361
2.3772
35.4647
49.9773
59.5681
3.6791
7.1321
2.1807
16.76045
20.2366666667
16.598325
1.4615
19.93625
61.9685
10.8502
11.08745
2.9875
26.3697333333
3.87145
28.55406
47.7652416667
0.5742
0.8778
0.8865
0.98565
1.0186
1.04731666667
1.0726
1.83896
17.20555
4.33999285714
8.12660740741
0.7202
2.11185
29.9731666667
4.23445
59.4048
0.3472
0.7652
1.6601
19.79205
43.5698888889
0.4529
0.6949
1.647175
10.2746
10.2907
11.6498
15.9404
17.21926
15.5882
17.0703714286
2.5974
32.15028125
33.43673
36.25
38.2546
47.4403454545
53.6740410256
58.79740625
0.0860
0.5160
0.6654
0.75615
0.9287
1.89943333333
18.98788
32.3035
0.1536
4.4862
7.1209
11.3367
8.3045
0.0000
0.2321
0.3620
1.6711
17.54375
2.93035
10.0895222222
25.5750333333
8.84934583333
2.3146
3.7924
64.3925
65.4171333333
67.13325
0.8983
11.6662
11.9464
13.9053
31.9647833333
32.9173
34.09885
37.2123666667
49.270904
0.5129
41.9885
0.1218
0.1243
0.7380
1.2318
1.4939
1.57965
1.6854
1.9433
10.1003
12.1992
14.33465
14.9148
14.438
20.1004
34.2375618182
0.5988
0.69845
1.5893
32.85835
25.8667666667
2.1205
3.42285
4.28393333333
0.0244
0.03915
0.0573
24.30305
11.0262
10.5623
6.633
17.3724
3.6751
5.54025
68.73995
1.6254
39.8869
78.0195
44.75045
0.0540
2.66985
1.9310
20.15505
1.7357
10.77415
26.8849333333
24.694475
43.17658
1.3768
2.0375
2.1544
37.4285
54.8717125
16.5006
13.19275
33.6816
1.9869
2.8831
17.7759
0.0000
0.2095
0.0352
0.28255
0.0157
0.02595
0.1344
0.191316666667
0.1133
0.1331
0.0189
46.2613
1.1560
37.48995
28.8883
0.0147
0.2598
0.3424
0.92085
67.0277
39.32325
0.0852
0.9122
1.129825
2.23905
12.7476
57.6498
0.0003
0.0114
64.8762666667
0.0000
6.2684
0.2383
39.33655
2.2789
6.46605
0.0840
0.8686
10.5499
13.4905
2.0177
37.73185
19.5881666667
38.1192
27.9510333333
49.56573
10.9668
11.8465
31.67435
28.5605666667
0.0000
0.3051
14.1201
3.53105
46.1103
0.0995
2.2692
0.0000
0.0000
0.9018
4.3871
0.9377
0.1803
0.0105
3.533
0.0000
2.2693
0.0699
0.0062
0.04905
0.0811
0.218
0.321433333333
2.07225833333
0.6221
0.3084
0.3672
0.43835
2.719875
5.7191
3.4712
0.3038
64.9288
0.2527
3.3758
20.3157
2.1587
2.3474
2.1331
1.6579
11.2751
63.9161
1.4662
4.5153
10.1273
3.2982
2.1609
1.5807
2.4960
2.5649
18.7005
1.0422
3.1355
65.8416
4.2966
64.9239
1.7052
2.3109
0.0000
0.2057
0.0654
0.0087
0.0246
0.0470
0.05025
0.08045
0.0825333333333
0.4866
0.5959
1.9643
10.5313
10.4639
11.8703
12.63415
13.9069833333
15.0613333333
17.3514111111
18.08393
23.5261454545
36.6811066667
41.252
43.7722649573
2.4090
0.0326
0.79365
1.23403333333
7.901075
0.0000
0.6199
0.7434
2.0735
11.2105
3.5307
0.0119
11.5646
12.3672
16.6588
22.77875
33.72
41.8620916667
52.1657571429
7.9486
1.0781
2.1782
7.0631
3.4608
7.3665
0.3020
1.7805
2.4079
9.9685
2.6547
3.6206
50.2809
6.3232
6.5624
0.0000
0.0026
6.2680
8.70245
0.0003
6.8927
0.7259
12.42365
16.1070
2.83805
43.8434666667
2.7711
34.36725
58.0298
34.2236
0.2211
1.8405
35.5121
2.9374
3.1553
4.32695
4.419075
2.2521
2.4092
57.3935
32.4315
0.0000
2.4003
57.9116
57.4422
0.0000
3.6988
66.5761
3.4485
5.4868
2.2657
2.9083
0.0054
0.2693
66.7659
0.3366
0.0777
0.2100
8.6179
0.0596
0.4696
0.3931
0.5049
1.0320
0.0430
0.0533
0.8123
0.2502
0.1057
0.1229
0.7985
2.87955
49.3309
2.6570
10.2667
17.9148
0.1350
0.1089
1.1585
12.7569
3.4596
11.5545
31.2573
0.0269
0.05145
0.233733333333
0.6042
1.3209
1.85281
13.7268
3.3223
50.3351875
0.0711
0.1397
0.2064
0.313525
1.7797
4.30335
1.8702
1.9794
21.12275
15.05245
11.4511
14.05485
15.336
31.062175
0.3324
6.68875
0.0076
0.0157
0.0418
0.0447
0.0571
0.0637
0.0693
0.0728333333333
0.1115
0.1132
0.1213
0.198
0.2993
0.3409
0.68975
0.7399
0.7492
0.963666666667
0.974516666667
0.987555555556
1.127525
1.9408
10.77232
12.8802090909
14.8217461538
10.1358857143
2.514425
2.59374259259
2.88546666667
18.87850625
48.6158885714
38.9772709677
0.0360
0.0771
0.0844
0.37375
0.0606
0.06685
12.8347333333
5.61235
10.9512
14.6085
12.31605
13.601275
2.3455
38.1937
0.3130
0.3752
34.81985
6.23926666667
0.1396
3.65015
11.4378
5.64815
6.52866666667
19.7669
3.7275
0.1824
2.0025
3.1863
7.3246
1.5884
2.7137
8.86246666667
0.6889
2.8796
22.1635
33.3732
0.0374
0.28065
13.9926
43.29325
2.6575
0.2083
12.2237
22.986325
65.00335
20.5352
3.7058
60.9612
26.8244333333
0.4672
1.5623
1.7776
2.2034
0.0828
0.3994
0.0000
0.0
0.0
0.0
0.01266
0.0276
0.0294
0.0296
0.0329333333333
0.0473
0.0502
0.0573
0.0635
0.0703285714286
0.0838
0.08505
0.1061
0.12475
0.15675
0.1650
0.181095833333
0.183383333333
0.210533333333
0.21435
0.291625
0.438116666667
0.4459
0.48286
0.51545
0.6250
0.673666666667
0.727733333333
0.748933333333
1.10681515152
1.4216
1.46634285714
1.97295
10.3959625
14.9248571429
17.419625
2.71605
16.2917627451
22.133229375
45.5278
43.1703823413
0.2692
0.4387
0.1239
70.45005
1.9936
32.65715
0.0871
0.2949
0.0002
0.01445
0.1365
0.1416
0.26845
0.6407
12.219675
23.6281
33.430125
38.5407
42.6705057143
0.1249
0.2845
0.43585
0.771366666667
1.23676
1.45793333333
17.1145142857
1.7212
2.03815
1.0867
1.99415
0.1395
0.3740
0.7182
0.8734
18.1657
17.82675
3.57031666667
42.2133785714
53.9878333333
58.40895
0.2938
0.3557
3.3530
0.1714
3.3705
0.0590
0.53365
0.0486
0.0501
0.4603
0.4387
1.9379
5.7406
1.8098
3.03755
0.0000
2.0845
34.2232
2.7377
1.3807
2.4421
1.3208
1.3888
1.4320
1.7818
2.550675
5.2271
2.7562
38.83925
0.0000
2.12355
3.37023333333
3.1692
38.67975
0.4634
0.6170
0.72865
2.0336
2.33425555556
0.0351
0.0732
0.385933333333
0.8709
9.9021625
2.1693
16.0148
22.0943666667
67.0425
0.0354
0.1274
0.2549
0.8825
0.93335
1.23245
14.6506
15.7718866667
26.2997625
3.60775
11.0065
70.05015
2.0221
4.36455
18.1538
36.81635
0.0176
0.78905
1.8364
1.8880
1.8948
1.9974
10.9676
11.089275
13.105975
17.6166
14.7660857143
25.4785
25.80128
61.5067863636
11.1315
5.64445
7.94473333333
2.0343
2.3338
55.2746
0.0270
1.919
0.0122
0.0469
0.0523
0.792875
0.9104
1.1494
2.91818333333
2.2459
2.3753
6.0632
2.2504
0.3798
0.8578
15.6334
34.0227
41.1436
47.359225
0.2904
0.5047
1.15056666667
0.1014
0.52795
0.0643
0.0981
0.1105
0.13515
0.22545
0.2411
0.334166666667
0.4365
0.45295
1.0113
10.0036
12.192803125
19.26705
0.4663
1.64365
0.0065
0.11225
0.3476
0.7389
0.8449
1.8531
0.2325
0.1555
0.7145
0.0434
0.22035
1.0608
5.0597
13.1960
1.3255
1.9152
0.1057
0.7436
1.1794
7.4835
1.0161
1.9556
2.4251
2.6544
0.0509
0.1006
0.12735
0.1546
0.225933333333
0.2749
0.3572
0.3795
0.4229
0.5531875
0.5739
0.6785
0.713175
0.740183333333
0.829803571429
1.2787
1.3928
1.86265
15.1256
10.6881051282
20.2828491228
2.6291
0.1654
2.7435
0.2430
6.3583
0.0395
0.7154
3.3500
7.2498
3.5241
0.0249
1.70115
10.2585
4.52695
3.3542
38.5733
29.6834
0.0963
3.5332
47.7207
5.92185
5.3183
65.8099
1.4418
47.7395
0.0717
0.19265
1.8477
39.54905
40.5776
2.4843
1.4546
0.0680
0.3147
0.0000
0.8319
2.1146
0.3884
65.9497
0.0042
4.0191
0.1024
0.3758
0.0576
0.5526
0.0547
0.5732
2.0533
5.20265
0.0160
4.8669
0.0116
0.56755
1.3036
1.5469
10.262725
21.675425
3.0483
4.679
0.0792
0.11975
0.0000
0.2232
2.4570
2.4570
1.4438
3.3178
2.9543
3.3627
2.1784
3.0828
1.9620
5.6469
2.9891
6.14695
2.8213
3.39635
0.0829
1.8427
5.30485
0.0001
5.7154
2.2105
64.5058
2.3498
0.1298
0.0000
2.8979
1.5716
5.1425
0.9376
0.8455
20.5609
52.5591
1.8175
65.4075
1.9748
10.51425
2.5786
4.36701666667
60.95938
0.1303
79.304
1.9020
10.03055
7.03336666667
1.8902
3.1331
35.92005
0.9788
2.55725
13.0437
11.1011
53.2010666667
13.8174
8.63955
0.0331
0.10465
0.1104
0.1851
0.39628
1.2915
1.4450
1.58775
1.62296666667
2.5123
5.15370833333
1.9830
0.0363
2.4016
2.1194
1.5116
2.6443
1.9837
2.2429
2.3926
2.7528
17.4740
63.2602
2.9940
0.0000
4.2406
0.3202
4.4135
67.4269
0.0356
5.2874
0.0590
0.5377
0.0715
0.2353
2.1380
0.2513
0.3922
0.1048
0.8629
2.9160
0.1033
0.4019
1.0325
0.0275
4.2057
7.8547
3.7692
2.6359
3.5635
39.2663
7.7108
3.9430
0.7025
5.20295
2.1248
3.10205
0.0000
3.2887
6.9556
5.6542
0.1172
2.6779
2.9085
0.0577
73.0881
0.2171
47.1889
0.1403
3.0167
6.8057
2.2990
2.2354
0.0616
0.2488
0.3039
0.5011
0.6129
1.3095
1.4443
1.5719
1.65065
10.0985
10.90265
11.5156
10.315175
11.3767333333
11.9391
10.5138
15.7527214286
11.6654272727
18.7129190476
25.4484333333
29.0031264706
35.2923921053
51.1939304348
2.0216
0.1028
0.27615
0.0312
2.0261
0.0000
0.0031
0.0492
0.0861
0.1180
0.173266666667
0.1889
0.2119625
0.2172
0.23325
0.2407
0.34125
0.39375
0.4453
0.519777777778
0.6042
0.621277777778
0.69745
1.27623
2.34865
13.8634294118
37.3520566667
0.0069
0.0338
0.0430
0.0452
0.08465
0.1014
0.1069
0.1230
0.1474
0.1542
0.1653
0.173325
0.1852
0.185966666667
0.1916
0.20306
0.213733333333
0.2338
0.235516666667
0.2356
0.245976190476
0.272185714286
0.27327
0.541996666667
1.05312941176
1.47080138889
11.9897538462
4.85687777778
0.0151
0.0310
0.0732
0.0923
0.09935
0.1047
0.110266666667
0.1290
0.1336
0.1366
0.14325
0.15529
0.1622
0.172357142857
0.200175
0.2132125
0.226319444444
0.260075
0.30616
0.340838461538
0.425633333333
1.03445
1.34773061224
1.97495714286
1.8487
0.0002
0.01445
0.0640333333333
0.2158
0.23834
0.327466666667
0.0000
0.0001
0.0178
0.035325
0.053725
0.3325
1.63766
26.98665
47.0417875
0.1224
0.2069
0.53
0.6551
0.793666666667
0.9506125
1.01431666667
1.4438875
1.6641
2.61839
37.1073636364
11.8399833333
1.9245
1.5795
1.8560
1.5802
3.8647
1.9954
3.2774
3.8982
1.9952
0.0337
2.1449
2.2184
1.8143
61.2522
0.0132
0.2667
0.5939
18.8127
42.518875
