0.0756
15.2272
27.4952666667
41.4161
41.9844
53.46178
0.3671
4.3525
4.980925
0.0212
0.0279
0.0363
0.0412
0.0507125
0.0846
0.430314285714
0.0083
0.06485
0.0399
0.15485
0.3781
1.1208
27.1801
31.89413
0.0000
0.0193
0.04205
6.2074
1.2955
1.56835
1.2657
1.4913
35.176275
0.0252
1.051
1.2562
1.2850
28.2483666667
3.58366
26.8808916667
11.8220
51.554
5.4126
36.26835
0.0667
0.1265
0.14785
0.4869
0.8927
1.9045125
1.7457
1.8034
12.2009
12.8111333333
28.49005
44.2090666667
0.5741
0.7873
0.1924
0.2092
1.13883333333
3.1443
40.4131125
0.0979
1.2503
69.1402
0.0177
0.2476
2.016925
0.8263
37.10705
1.4459
0.7744
2.1205
0.4550
21.9305
13.6308
46.7255
72.934925
0.6007
0.8811
0.9365
15.5294
7.82398888889
1.9972
1.8769
42.0297
1.1669
1.3886
1.0321
66.7427
38.92795
1.0589
1.4557
5.739
1.0519
51.38805
0.3519
2.7969
1.0956
1.3057
33.2105
1.0148
7.174
6.1414
2.5581
7.1570
0.2093
0.3635
1.085425
0.5822
0.5391
0.6699
0.8022
0.896266666667
3.2369
0.0003
0.0157
0.0233
0.03175
0.0357
0.0409
0.0493
0.0540
0.0601
0.0602
0.0603
0.0604
0.0715
0.0722
0.0765
0.1076
0.109433333333
0.122
0.240625
0.2431
0.42589
0.426475
0.4707
0.4978
0.513583333333
0.6026
0.618128571429
0.71696
0.8184
0.846325
0.90748
0.96575
0.972516666667
0.99366
1.05509166667
1.0619
1.21205
1.351525
1.3747
1.64875333333
13.3575633333
2.19046666667
20.067425
23.2047423077
28.9778755418
18.5666472222
0.0314
0.8587
1.1002
1.31728333333
1.0069
1.7128
14.0361
41.2554333333
0.1175
0.13525
43.5477666667
0.6327
0.2590
0.4112
0.505
0.8330
1.35543333333
2.10451
1.4937
0.9604
1.0627
1.1796
1.2931
1.2941
16.549725
13.1671125
14.4494083333
34.73203125
1.5718
0.6801
0.9374
0.2604
0.4126
0.7566
1.3584
1.55015
11.9315
12.9037333333
16.2839
33.5946666667
43.1444458333
49.87942
61.9738583333
66.0150538462
0.9167
0.9569
1.28085
22.2422166667
32.73168
0.0161
0.45925
0.4994
0.6759
1.38065
1.6957
1.7072
13.16265
15.28458
31.7617333333
47.0597
48.548105
0.0385
0.7200
1.0406
1.3237
1.3536
1.35385
1.4452
1.4822
11.8539
12.0096
11.3003
16.9834
11.16305
10.4350333333
2.41368333333
20.6636
35.0546022222
43.0280555556
37.6065333333
47.3198459184
54.4658047619
0.9130
1.2684
22.4902
34.26675
44.3005555556
61.96215
0.2459
1.5556
1.68646666667
0.0808
0.0886
0.5032
0.6542
0.7577
0.96335
1.1195
1.156425
15.3972
10.7342714286
13.139495
15.0193166667
2.63031538462
2.0287
41.5823
1.3263
2.7893
41.37105
1.0934
1.1325
1.4975
2.7169
46.1794375
1.8885
0.9676
0.0002
0.0002
0.0003
0.0003
0.00955
0.029175
0.0617
0.456841666667
13.3038
23.0506666667
20.5958875
0.8591
1.3183
1.3887
1.56415
1.9265
14.9557333333
13.9464428571
22.77185
28.2714666667
64.4116
1.0191
38.7193
56.0649333333
0.7328
12.1662
13.4435
13.82755
36.5323166667
18.91896
4.24500833333
0.0029
0.0162
0.0245
0.1174
0.5298
0.615633333333
0.848166666667
0.85002
11.912425
3.47087666667
0.0001
0.0603
0.16005
1.0416
2.4323
0.2740
1.3971
1.901425
2.150275
1.1779
1.1622
1.0907
0.9116
1.1141
2.7631
70.0297
3.3385
2.0012
4.25065
75.8879
1.0347
2.5560
4.994
0.5057
0.3313
0.1609
0.7004
2.1365
1.1348
1.9752
1.1060
1.1959
0.0001
8.7057
3.0620
0.0139
0.06585
0.632766666667
0.2932
1.3363
1.3515
22.4053333333
24.1403
45.2946416667
1.3327
35.18765
0.1309
0.61495
1.8605
11.6123
2.9267
4.70833333333
1.0694
1.6643
0.1152
0.98515
4.7444
1.6111
0.8570
0.9957
0.1676
6.1620
0.8967
1.0861
0.2566
0.3111
0.401633333333
0.5553
1.3081
1.2579
8.18315
0.1820
0.46755
0.6247
0.849583333333
0.2944
0.2030
0.3707
3.2323
1.7530
0.6548
2.5290
1.3014
0.0002
0.1719
0.0558
0.0923
2.5950
1.0172
0.5087
1.2087
0.2301
0.0000
0.0060
0.1274
1.8391
0.0001
67.4469
0.1566
3.2870
0.6879
0.3657
0.78075
1.0060
62.7064
1.4336
1.0272
1.1416
2.0940
0.2619
0.0000
0.0006
1.5538
1.1785
1.0634
0.9518
0.1395
0.1890
0.0812
2.3933
2.2017
0.7680
0.6222
0.9525
47.8236
3.3611
3.1804
43.3920
0.6967
1.1251
1.1183
0.7849
0.2271
0.25595
65.4129333333
58.9119
0.0000
0.0203
0.0369
0.04205
0.10345
0.385544444444
0.5554
0.7444
0.7500
0.7503
0.8571
0.9070
1.00565
1.00573333333
1.00645
1.17735
1.2048
1.21313333333
1.52235
1.6233
1.6409
1.84535
10.2348
10.30085
10.413725
10.19372
10.5665
10.6540333333
13.5338666667
13.545025
18.4013333333
11.3653357143
19.26029
14.3197928571
20.71512
21.0250111111
27.2572296296
27.8478777778
36.1987259259
42.15246
46.8876228956
0.0225
0.04725
0.0519
0.21825
0.288188888889
0.41935
1.0403
1.6329
1.63315
15.0533
31.8473333333
14.48595
15.2106666667
44.8994357143
0.4374
0.0796
0.1869
0.31355
0.397133333333
0.4394
0.4504
0.528366666667
0.69645
0.809725
1.0876
1.0905
1.1707
1.23435
1.2527
1.52924
1.8011
10.0393
10.0411
10.1184
10.12765
10.2616
10.3077
10.0741
10.3393
10.3429
10.9508
11.1419
13.4972
13.51435
14.7710
10.4293
14.96063
15.0833
15.6363
16.1467
19.43765
18.0572
16.4631166667
2.3332
18.54685
22.3689
22.49137
22.5171
24.909725
27.2009
28.13458
30.1101244898
34.6134642857
37.7699607143
38.6267833333
39.2962125
40.883575
42.599395679
46.899287037
50.2146463415
50.5168796667
54.5728875
55.7985087719
0.2809
0.0081
0.13865
0.2065
0.324966666667
0.625125
0.73376
0.792483333333
29.5057928571
14.6461333333
49.77097
0.0006
0.0182
0.1598
0.4095
0.467183333333
12.131
0.2452
1.0398
1.1003
1.3295
1.4442
1.7277
1.77005
10.44635
10.6797111111
14.1390666667
29.4633166667
42.5203305556
0.8476
0.0307
0.0113
0.9985
1.2199
1.40395
1.52635
15.99785
2.2400
22.8955
44.93
47.0803541667
51.476515
1.0849
0.9611
0.9733
1.0021
1.2326
12.1772
18.7556333333
12.72212
19.0653142857
0.1774
0.9306
12.97765
1.3223
0.0483
0.2938
0.39915
0.452
0.4768
0.6817
1.2049
1.68398571429
2.5003125
0.1279
0.0420
0.0784
1.7329
0.0475
0.9062
62.0036
2.2966
1.4192
1.3062
1.1852
65.1246
0.8345
1.1291
0.4257
1.3750
0.0177
0.0286
0.0745
0.1420
0.14785
0.235366666667
0.4645
0.669106666667
13.9117625
2.8331
0.1695
0.27515
0.8588
1.06233333333
1.2295
1.3921
13.094375
53.023025
0.0000
0.0069
0.0139
0.0185
0.0304666666667
0.0961
0.22425
1.9269
10.1745
10.2817
10.3877
10.9808666667
11.2434
11.4224
11.63355
11.69015
11.9953333333
12.9771
11.60736
15.8405
17.453525
17.1045916667
13.4046714286
18.5064333333
16.8419777778
19.865925
22.1856527273
22.2453125
27.46046
31.50261
37.0381897436
0.0001
0.008
0.0192
0.2398
0.6668
0.9833
1.1323
1.35472
1.63453333333
15.07161875
34.35124
0.9388
10.1294
15.8416
26.9570666667
25.51675
0.8647
0.9373
1.1583
16.5583
36.9533
38.24755
0.0182
0.03005
0.0254
0.1251
0.182933333333
2.0955
2.1844
33.9066666667
0.0826
1.61575
8.9767
63.7967
68.65195
72.2929
2.1835
0.1571
0.1009
0.6825
2.1258
1.0401
30.3085
0.2801
0.0815
0.8329
1.0766
1.3633
4.08975
0.0402
3.21695
0.0048
0.5277
0.9700
3.9248
0.0156
0.4165
0.8317
64.1097
0.0238
0.0598
0.0633
0.1227
0.177966666667
0.4499
0.718666666667
0.90594
5.23757083333
0.0187
0.63185
0.2331
0.5772
0.76135
1.81813333333
11.6143
2.277275
40.4933166667
51.8799
0.4014
1.3387
0.9408
1.12615
45.6476333333
0.0300
0.0557
0.1214
0.1475
0.2616
0.43717
1.5937
2.2864
0.0125
0.2016
11.2914666667
13.8690
20.9973
36.90715
46.3764066667
0.6861
13.02705
11.3718
11.526325
16.9408
28.64756
31.48345
37.0695277778
62.1781666667
2.1401
3.10095
22.9491
18.5677
24.8733
0.0000
0.0105
0.0149
0.02665
0.0000
0.0000
0.0000
0.0001
0.0001
0.0003
0.00275
0.00615
0.00685
0.00954
0.0129
0.0144666666667
0.0149666666667
0.0150
0.0187
0.0201333333333
0.024225
0.02894
0.0311
0.0312
0.0321
0.0383
0.0390714285714
0.0408375
0.041
0.0421155555556
0.0476
0.0524
0.0531666666667
0.0595
0.0618672619048
0.0693
0.0802
0.08875
0.106984615385
0.1106
0.1148
0.122125
0.124291666667
0.1387
0.186025
0.227007407407
0.231735714286
0.25586
0.26565
0.300418181818
0.316810344828
0.701566666667
1.66134285714
5.32194042553
0.0000
0.0105
0.016275
0.037325
0.0821
0.1857
0.6190
0.6966
0.4025
0.4927
2.8032
5.57365
1.1910
1.4917
34.6832
1.4166
23.7715
37.83795
29.5099
47.3408375
0.2010
1.082
1.3269
18.4295
26.3079666667
1.2931
1.5360
1.5621
12.2976
26.076725
45.9786666667
49.5864857143
0.3392
0.7679
0.0287
0.4391
7.5211
0.3185
0.4318
1.45356666667
19.035625
1.2171
1.6137
0.8904
35.96855
0.5959
1.24265
5.2193
2.4156
66.62345
5.7727
65.8984
1.3044
34.5711
1.2165
1.3986
1.1598
1.50495
0.9998
27.32785
26.0698
62.80315
1.3507
1.81285
0.1025
0.17585
1.08183333333
1.0672
1.1357
0.9692
0.3514
0.4701
1.10563333333
0.0733
1.1631
0.0081
0.0420
0.1407
0.1644
0.3735
0.461175
1.1791
1.82662
10.316675
15.4638166667
35.6991
44.4589809524
0.0110
0.0150
0.0316
0.05145
0.0581
0.0714333333333
0.0833
0.351991666667
1.921825
2.70516071429
4.84668181818
0.1027
0.1052
0.1170
0.13715
0.1903
0.416991666667
2.0977
6.39284285714
0.1437
0.42025
0.670566666667
0.0196
0.0371
0.1730
0.29085
1.02736666667
1.3289
1.63755
1.73636428571
0.2375
0.2753
0.2865
0.474633333333
10.7077375
14.4531666667
49.3819285714
0.0521
0.0800
0.3090
0.3248
1.544525
1.9908
10.7785
11.9362
28.3371571429
10.09365625
33.399045
0.0138
0.0171
0.0206
0.0238666666667
0.0332
0.045775
0.087125
0.1247875
0.2755
0.283222222222
1.33728
1.72012727273
1.87785
36.6485583333
0.0811
2.65435
0.5245
0.9649
1.0450
1.0976
1.42035
1.7161
10.78805
10.3337333333
12.5936
14.69205
13.9036933333
10.8235625
25.1750275
1.5514
34.8556
1.0023
2.27695
6.6945
2.7636
4.39205
48.2482666667
0.0084
0.00945
0.0130
0.0180333333333
0.0235
0.0257
0.114866666667
0.13392
0.240870833333
0.75774
1.03171818182
1.2701
1.66809583333
0.0143
0.0314
0.953925
0.0404
0.3977
0.5573
1.42171666667
0.5627
17.0629
38.5165
63.3160666667
0.0000
0.0000
0.0725
0.1313
0.132866666667
0.266175
0.50268
0.730575
1.7315
47.52235
63.1121666667
0.1542
0.8810
0.930925
0.0001
0.0128
0.0490
0.0735
0.1475
0.249675
0.40805
0.4206375
0.690533333333
1.38415
12.2952361111
0.0000
0.15065
0.254933333333
0.724225
1.1868
10.67395
13.0336666667
0.0359
1.1640
1.46465
1.5753
11.8191833333
17.19774
23.5830666667
33.4796928571
44.5416222222
61.15913
4.1414
1.0483
67.7810
0.0077
0.0108
0.0204
0.0241
0.0249
0.0278
0.0285
0.0385
0.0386
0.04005
0.0452
0.04785
0.04975
0.0506
0.0514
0.0683
0.0684
0.0798
0.0882
0.108983333333
0.1180
0.1345
0.14635
0.150483333333
0.1892
0.2084
0.2312
0.2763
0.2908
0.298066666667
0.3641
0.39485
0.426833333333
0.44625
0.466933333333
0.4722
0.572776
0.591366666667
0.5947
0.6065
0.6498
0.720533333333
0.7527
0.77
0.9025
0.907376
0.97254
0.985833333333
1.04505
1.15535
1.1569
1.21767916667
1.21843333333
1.36126923077
1.8175
10.5181
10.53385
10.9283571429
11.4428125
12.1093666667
12.73228
11.4707714286
13.8703714286
13.0211041667
14.3907875
16.6653666667
15.68413
16.7567636364
15.928105814
27.3793422222
32.2126275974
42.455689801
0.0283
0.1319
0.1489
0.27725
0.2796
0.479675
0.9782
1.0189
1.1812
1.2201
1.2789
1.2946
1.3785
1.3807
1.69458
10.1601
10.1896
10.5407666667
12.3093208333
11.166885
13.6363
14.2841208333
16.0069
12.375925
17.3427666667
18.7163333333
19.9949
20.0563916667
40.8621821429
43.62788625
46.7814658009
0.0927
0.5796
0.8865
0.0656
1.0024
1.1124
20.42625
3.47412
62.51285
1.2056
0.0899
0.9195
10.4694
11.55435
12.4244
14.4927
24.8884
48.01885
49.93135
52.868125
59.6812037037
0.0377
0.08595
0.117133333333
0.0094
0.0109
0.0255
0.0337333333333
0.23565
0.3114
0.37255
0.405911111111
0.4796
0.5271
0.556452777778
0.0000
0.0150
0.02
0.0305
0.0780
0.0790
0.0993
0.1285
0.1481
0.1622
0.184333333333
0.19326
0.312442857143
0.3353
0.386025
0.4781
0.529377777778
0.566218181818
0.7468
1.05775
1.2666
1.3432
1.4148
1.41735
1.6375
1.6701
1.8717
1.9333
1.98496666667
10.0651
10.2275
10.08585
10.2346
10.2443
10.6709
10.8668666667
11.14895
11.3468
12.1686
12.374525
14.2418
16.6499
16.7694
18.1411
15.4527375
18.28855
20.3271375
18.868025
21.575
24.6035
25.7760353846
26.1627666667
26.4836666667
32.2033944444
32.4436866667
35.0261
35.61717125
37.7719545455
41.120015
41.6196870098
42.0104140244
46.6944384615
50.7231564516
52.5443546875
62.5626938462
1.1371
0.0222
1.0410
0.0000
0.0759
0.8812
0.0710
1.5263
0.0320
1.0029
0.0293
0.0156
58.7308
0.7349
3.3130
0.7615
3.6792
0.0838
0.4574
0.0142
0.0160
0.0239
0.0386
0.0438
0.04735
0.0698
0.0804
0.0896
0.0922
0.0941
0.0942
0.1097
0.12015
0.1592
0.16695
0.170433333333
0.177
0.1899
0.1964
0.27816
0.284654166667
0.37516
0.5496
0.797763636364
0.93815
0.943325
1.0226
1.0570
1.2942
1.58485
1.7321
10.126175
10.3227416667
12.0179833333
13.8837166667
14.7337034722
15.034332
13.9272804
21.5921971429
50.1154121951
0.0263
2.5478
0.0008
0.4618
32.4277
15.8055
1.7083
1.0918
1.0645
7.1922
2.5936
1.7554
1.6705
54.3009
0.9986
4.6299
4.1052
1.7239
0.1599
0.32905
5.8973
0.1624
0.0799
0.1567
0.2918
1.0177
1.9991
1.2915
0.7354
0.2728
1.0621
0.1139
0.4524
0.0000
0.0006
0.0000
0.0405
0.0505
1.0071
1.17395
3.4791
0.1562
0.3307
1.05446666667
0.0001
0.0282
0.0313
0.0380333333333
0.7819
4.76937
5.4553
0.0001
0.01145
0.0334
0.0651
0.1886
0.192233333333
0.256575
0.851075
1.5398
2.36065
2.7795
0.2664
0.37845
0.8910
0.0369
0.04515
0.1505
0.1805
0.4338
1.12875
1.1800125
1.54488333333
1.86205714286
15.26375
0.6059
1.2489
0.0912
0.1959
0.6265
0.1983
0.1448
0.0305
0.0002
0.5530
0.2202
1.0233
0.3941
0.8549
1.8916
0.3785
66.2851
1.1393
1.1783
1.6764
5.1784
65.3372
0.0354
0.0262
0.0985
4.5491
4.2016
0.0480
0.0447
0.64105
0.5388
11.5213
12.673
51.1795833333
0.0286
0.0471
0.0762
0.1260
0.1355
0.1363
0.1495
0.1777
0.1952
0.1993
0.1999
0.382633333333
0.402
0.4718
0.48678
0.50518
0.52035
0.5694
0.8381
0.846766666667
1.02305
1.22743333333
1.57936666667
1.657075
14.9465974359
16.7654315789
25.6585157143
34.5852444444
0.9957
1.08545
0.0000
0.0237
0.0998
0.1325
0.2034
0.5211
0.53405
0.5638
0.6069
0.644666666667
0.74165
0.7507
0.9233
0.9308
1.2504875
1.3040
1.4693
10.0568
10.21325
10.3857
10.5859
11.3861
12.2814888889
13.1451
13.4591
13.8042625
13.9113272727
14.4124333333
20.05955
13.3452375
24.7016285714
28.38659
37.3572308036
45.1879526667
1.6024
2.36055
0.1005
0.9819
41.9895
0.3842
0.0217
12.9019
0.0517
0.2942
0.0075
0.0123
0.033375
0.071575
0.08052
2.5731
0.8912
29.25265
52.4829666667
58.049175
1.0705
36.5949
1.5631
0.0975
1.7789
0.2209
1.0226
0.5342
0.0000
0.0000
0.0045
0.0055
0.0089
0.0141
0.0141
0.0149
0.0170
0.0197
0.0199
0.0216
0.0220
0.0229
0.0242
0.0255666666667
0.0262
0.0279
0.0338
0.0370
0.03985
0.0404
0.041375
0.0439
0.0440
0.0481
0.0490
0.0535
0.0540
0.056
0.0589
0.0596
0.0622
0.06285
0.0650
0.0656
0.07095
0.0746
0.0752
0.0752
0.0782
0.0793
0.0812
0.0835
0.0846
0.0847
0.0851
0.08765
0.0877
0.0931
0.09455
0.0952
0.09885
0.1019
0.10225
0.10435
0.1044
0.1099
0.1117
0.116366666667
0.1196
0.1218
0.1277
0.1294
0.1322
0.13516
0.1376
0.138133333333
0.1416
0.1418
0.1425
0.142525
0.1433
0.1486
0.149225
0.1539
0.1562
0.1571
0.1578
0.165
0.1658
0.172983333333
0.1789
0.18624
0.1921
0.193
0.1942
0.19594
0.206766666667
0.209475
0.2096
0.21985
0.22265
0.224216666667
0.2281375
0.2312
0.232
0.24535
0.2487
0.2563
0.259
0.27241
0.2759
0.3010625
0.3107
0.3239
0.3239
0.335425
0.338225
0.36745
0.3798
0.3856
0.4139
0.42435
0.4283
0.44005
0.4444
0.44715
0.4580
0.4689
0.4851
0.4989
0.510083333333
0.51495
0.5223
0.5277
0.5320125
0.539533333333
0.5495
0.56255
0.58645
0.59322
0.5988
0.60546
0.610278787879
0.621883333333
0.62307
0.643838095238
0.665942857143
0.66795
0.674083333333
0.698683333333
0.7039
0.708366666667
0.7535
0.7573
0.82644
0.85475
0.8553
0.9067
0.916683333333
0.9486
0.9553
0.977466666667
1.0226
1.0254
1.03555
1.0356
1.0473
1.0556
1.06405
1.08505
1.10046666667
1.1079
1.1111
1.1161
1.12232222222
1.1259
1.1364
1.13965
1.15035
1.15399821429
1.1737
1.1782
1.22835
1.2868
1.30325
1.3387
1.339
1.3460
1.3491
1.3703
1.38385714286
1.38553333333
1.39975333333
1.4215
1.4496
1.4599
1.4600
1.4933
1.5347
1.54466666667
1.5509
1.6223
1.6471
1.71975
1.8320
1.84373333333
1.8800
1.8928
1.91756
1.94675
1.9920
10.03405
10.0516
10.0536
10.06575
10.0662642857
10.07125
10.0725
10.1166
10.18605
10.2516714286
10.2647
10.11805
10.30394
10.3125
10.3708
10.38805
10.39095
10.1900666667
10.5088333333
10.5116
10.53658
10.562775
10.59001875
10.6028
10.6067
10.6093458333
10.6404666667
10.6409
10.71385
10.7483041667
10.81425
10.8846846154
10.8915
10.900475
10.8546166667
10.9363166667
11.0156
10.8748333333
11.123325
11.1291984375
11.1613
11.2057
11.30546
11.4207333333
11.7324666667
11.8767
12.0689426667
12.2644
12.39876
10.6669486111
12.4146264706
12.5295328125
12.6202
13.30185
13.6368
13.7254657143
12.9757318841
13.7402111111
13.871425
14.0972626667
14.1343583333
14.2663375
14.5674864583
16.7440666667
17.17735
18.48486
19.031440625
19.3734767742
19.41643125
19.7973494805
20.2480444444
20.5545142857
21.3137666667
21.3340333333
21.3913272727
21.786532
22.1753125
22.289775
24.3833777778
16.916025
24.3849502924
25.157025
25.4271388889
25.4814392157
26.0899232143
26.2752
26.5421342857
27.8831
29.36270625
30.4812666667
31.622665
31.6645637089
32.6080933929
32.9738819926
33.0834204545
34.6723743902
34.9552709091
36.26635
36.5405444444
39.0971375
39.486458125
39.6309710067
39.6863716981
40.3882390977
40.6999588745
42.7717715499
42.8858251801
43.2782986628
44.6723708791
44.9015018008
46.8103366667
47.0044164039
48.30749064
50.0387426455
1.4755
0.8135
1.6019
5.9257
0.3645
0.71755
1.0723
1.4902
2.3137
1.4373
10.2914
4.09043333333
0.0168
0.0219
0.0284
0.04325
0.04385
0.0695166666667
0.07264
0.1108
0.1521
0.1567
0.159488888889
0.254844444444
0.53245
0.586315
0.6098
1.1842
1.49665
1.528575
14.2007361111
12.8649944444
4.12614035088
0.5300
0.6070
1.0575
1.38995
1.4389
1.74601666667
0.6705
0.97375
0.2327
0.60315
0.9242
1.1381
1.48288
11.6407166667
0.8881
3.5097
0.8773
1.1317
11.7248
13.33585
12.1395888889
23.0285166667
0.0453
0.9786
1.3461
0.6082
0.8670
0.93775
1.4453
18.7453333333
19.68128
5.339825
0.5108
0.1171
0.9563
1.1816
0.1161
19.4332
1.4530
20.3313
5.6891
3.4417
1.1994
0.0312
1.2806
0.0553
0.0882
1.9398
1.9202
0.9572
1.1813
3.9964
10.5198
1.8990
39.48525
0.0112
0.6628
1.61526666667
8.563325
0.1059
1.3229
1.9375
1.6688
3.9392
20.959425
0.1492
0.924
0.3236
0.4788
0.6283
3.106675
29.03126
0.0000
0.0104
0.0136
0.02245
0.2441
1.6868
0.0521
0.3626
0.9766
1.2724
1.3282
13.2529
2.7226
23.055525
17.7915125
41.7624633333
48.6059
0.0002
1.1819
14.0502
16.2591
11.87465
17.89365
15.491025
26.3893625
25.7715333333
0.9328
0.9884
1.0752
1.1119
1.2208
1.5978
10.32135
12.0402333333
12.0474666667
21.16045
20.71991
26.7573888889
4.89455
46.52392
0.5432
1.9484
10.9588
13.5227
26.9121888889
19.6581833333
1.2354
1.4147
16.6029
0.1262
1.05885
0.0039
0.0106
0.0111
0.0172
0.027325
0.0327
0.0473
0.0656
0.1215
0.1245
0.146533333333
0.28085
0.424342857143
0.4845
0.7102
0.7848
0.8086
0.9592
1.39863818182
13.36556875
13.4453647059
13.6220894737
12.006975
28.5441666667
25.6180154762
52.106598
0.0717
1.1170
18.3564
19.727
20.8581
37.0933
39.055325
50.24003
60.2082095238
0.0749
0.1155
39.9262
35.7668
66.65385
1.6508
1.91825
0.4754
0.63235
2.3343
68.34095
0.8953
3.48535
1.6566
2.1825
2.1299
0.4329
10.585
2.3317
4.49305
0.0389
0.2908
0.0001
0.00045
0.0271666666667
1.0933
8.875
0.1608
0.1753
0.22235
0.3088
0.4785
0.5180
0.52665
0.602133333333
0.6106
0.8214625
0.881116666667
0.888316666667
0.99953
1.35674285714
1.89241428571
8.70948472222
1.7647
9.7826
0.9372
17.90365
2.76616666667
10.6890
3.4369
1.5791
4.9915
0.6192
14.8006
2.82375
28.4789
54.6025625
2.4421
0.0351
0.1602
0.29075
0.641
0.0263
0.22805
0.1601
0.0640
5.05965
0.9706
6.27775
1.8766
33.75755
25.3759666667
36.85865
1.2126
43.28035
75.3745
0.8372
1.3575
2.16135
2.87486666667
1.1067
1.3184
36.3689
60.877425
0.9349
1.1536
2.8087
23.6269666667
29.2851
0.0136
0.2553
1.018275
0.0859
0.772
1.18313333333
1.427375
0.0005
0.0209
0.0320
0.03545
0.0632
0.0578
0.7548
1.12445
3.54913333333
1.0587
0.5728
1.426
60.4877
0.1907
0.74375
1.54933333333
0.8042
1.6940
16.7359
24.0421
42.1672625
60.66635
1.1506
15.25385
0.1761
0.2787
0.6389
1.44316666667
0.0767
1.0756
1.5571
12.3146
13.01974
0.0085
1.1844
1.28065
1.81218333333
11.6315
11.6436
25.2327
53.6207166667
1.8999
2.85065
2.98413333333
10.8914
15.3976
37.1586
38.237625
61.3523
0.1111
0.12955
0.689466666667
0.9143
2.21512
0.0861
0.0001
0.0381
0.07025
0.534725
0.79886
0.0000
0.0003
0.05175
1.7474
0.0538
0.09665
0.350466666667
1.5899
64.5289
1.7685
18.6059
1.2296
3.2947
0.2295
35.10255
0.1597
0.5548
1.4073
1.3985
0.2478
1.2946
0.8849
1.9580
1.8190
0.0133
0.7192
4.7702
4.4490
74.7986
1.1323
0.7887
2.3558
65.7656
2.2612
0.2952
0.2507
0.1414
1.0776
1.5956
60.6239
8.5146
0.7432
0.9566
1.4305
2.3346
3.93025
0.6049
0.9047
0.1398
0.0340
0.06885
10.4861
39.54495
4.91973333333
16.5106
4.9917
2.4741
4.336
0.0150
0.0153
0.11465
0.39065
0.4256
1.28575
1.3161
1.5544
1.0655
1.2555
0.0287
0.0837
0.0972
0.1411
0.1529
0.2262
0.3561
0.3878
0.397
0.4294
0.4440
0.446366666667
0.466425
0.542166666667
0.5478
1.26815
1.33693333333
1.8204
10.1982
10.3256464286
11.9488181818
15.5317
16.4462595238
15.2957558824
28.2273368421
31.9672769841
0.9614
1.1349
5.2838
67.7391
1.2995
0.7063
0.3219
5.7188
1.4894
0.9678
1.0860
1.5295
1.9789
3.4913
0.0909
0.8934
1.3444
0.1254
0.1256
0.7706
1.2871
1.1430
0.0915
1.7748
8.0334
1.4580
0.2978
3.0889
1.4092
1.1277
0.7676
1.1939
0.1470
1.0986
2.6830
3.1683
2.3772
0.0536
1.2878
1.5016
1.3115
3.5278
2.5377
1.1118
1.9972
0.1391
1.0932
0.8615
0.2389
0.6320
0.6366
8.9474
1.3208
71.5821
2.7688
1.8615
1.2944
1.0968
0.0193
0.03565
0.0476
0.0673333333333
0.11355
0.15453
0.2022
0.3948
0.6312
0.645842857143
12.926935
0.0141
0.0164
0.02395
0.114616666667
0.16718
0.1877
1.02823333333
1.5672
1.68356875
0.0449
1.2582
0.0173
0.0257
0.0306
0.0386
0.0412
0.15265
0.24355
0.337275
12.2286666667
2.8898
8.1679037037
1.1201
48.24315
51.4667333333
16.8135
17.7317
1.1107
12.14585
0.0452
1.6276
0.0826
0.1588
0.0003
1.8683
0.0059
0.3291
14.5307
40.51005
0.8745
0.9897
12.3337
6.18135
44.5863333333
0.0000
1.13765
1.42256666667
0.0569
0.1169
0.133
1.1497
1.3039
10.45635
10.6318
10.5641
11.0582
11.9699333333
17.745575
19.4798
20.69783125
40.0122392857
48.53858
51.52991875
0.1174
0.1180
0.1613
0.262925
0.0120
0.0411
0.05255
0.0552
0.104733333333
0.1323
0.22455
0.366606666667
1.0135
1.6146
7.580140625
2.1712
3.3526
0.9471
1.8650
1.3252
1.5994
10.7479
0.9229
2.2029
0.8339
0.1690
2.7624
0.9366
1.5113
2.5101
0.9713
1.1547
1.3769
1.6155
2.1994
1.2339
1.0677
12.3992
6.6002
69.6847
2.3642
1.3515
1.2009
0.0126
1.6481
2.0584
0.6178
3.2966
1.4895
0.5325
0.3730
0.0268
1.9126
4.2552
2.3702
2.6385
31.50805
43.1966
57.5831625
0.4570
0.7657
1.42475
7.45083333333
0.5792
1.3493
2.0612
3.178
0.0646
1.70785
35.8424333333
51.47245
0.0727
1.7551
10.43575
35.7233
68.4010
1.2227
3.5557
5.4628
0.0001
0.1311
0.26385
0.3367
1.4495
1.862
2.30060833333
0.3008
1.42355
0.9767
4.8362
0.0372
0.7525
1.3579
1.0309
0.6299
0.8719
0.3589
2.0421
0.2787
0.4552
0.0000
0.00055
0.0132333333333
0.0107
1.3320
10.23135
10.2607
21.956725
19.54148
24.84925
37.6665888889
0.0674
1.36145
2.1782
2.9528
13.2217666667
18.471775
1.2003
6.94925
1.7055
1.88195
0.4919
1.3699
0.3340
1.38645
1.3512
5.12795
0.2783
0.8503
1.2720
2.16585
18.626
0.0221
0.02815
1.5236
4.435875
4.7572
1.0969
1.1520
18.1711
1.7232
1.1305
1.1612
17.308725
44.497225
1.0505
66.78765
0.5276
0.8414
1.09833333333
14.7000
19.6756
20.5339
32.8352
40.8347333333
54.3339375
56.4997033333
0.8432
1.0324
1.7720
3.61751666667
0.9777
1.1356
1.5648
1.6326
11.96485
12.9536333333
13.6046833333
11.6058857143
1.1682
2.4615
2.63115
4.8974
0.1211
0.1736
1.4077
1.8579
31.55692
0.1535
0.1789
0.2478
0.3473
0.454966666667
0.56482
0.0924
1.7196
38.67955
0.9831
1.36415
1.5445
64.61415
1.2841
34.18365
1.0795
1.8552
11.5067
11.94605
47.1315
37.6034333333
35.4006125
50.3020125
1.0937
1.5765
13.3198
48.8677
0.9922
14.0761
5.063525
5.54825
0.9128
1.7036
22.455425
1.6402
0.0901
0.1156
1.3921
13.9284
2.866
38.91165
0.9326
1.5693
1.6081
1.9217
12.368
22.9639
22.31805
25.8077333333
37.40869
41.7020444444
48.60659
0.3499
0.0374
4.7446
0.0003
0.0126
0.01605
0.0392
0.05295
0.07615
0.432333333333
21.2444388889
10.1317
49.45695
78.5978
0.7873
35.98445
24.8911
48.71055
68.4521666667
0.7766
1.0976
1.0323
18.1351
59.089075
2.3182
4.0441
0.3794
1.7649
10.0499
17.431625
32.4317125
23.8960333333
48.0568857143
0.0000
1.1183
1.3193
1.3573
1.3909
13.8055
18.0240666667
2.7334
36.71154375
23.8182125
48.07562
0.0033
0.02255
0.0572
0.5166
1.2504
23.59346
22.9752285714
0.0000
0.0000
0.0001
0.00015
0.000266666666667
0.0194
0.03196
0.0398571428571
0.0485
0.06085
0.0660
0.07045
0.07905
0.1151
0.122353333333
0.1319
0.16255
0.1795
0.187418055556
0.217217647059
0.243872222222
0.2800
0.337783333333
0.653365217391
1.26721666667
0.1257
0.5532
1.1987
3.4248
3.85025
0.0156
2.65175
54.3212666667
0.0706
0.2069
0.3275
0.3550
35.18685
44.1922166667
0.0153
0.0525
1.3303
1.3687
15.8084
1.3076
22.5587
34.62425
25.2227666667
1.2042
12.6279
12.92995
15.1575666667
0.0071
1.2089
1.2716
18.464725
23.42155
4.07305
48.2911333333
1.1245
1.87945
13.1040333333
30.162325
0.0768
1.35585
42.0010
61.92845
64.7207666667
0.3897
0.7428
1.23455
1.6547
0.0727
1.38665
1.2922
2.398
33.2418333333
0.1197
0.7412
0.8461
1.0567
1.3724
1.80776666667
1.8423
1.972825
12.490125
24.4643555556
13.20932
3.9082
44.6594541667
1.0865
1.0157
5.4824
0.3641
1.5161
0.3657
0.7204
2.0458
0.9372
3.7018
0.9502
1.0470
3.9494
1.2132
1.8699
0.5538
0.9928
1.3910
1.9123
1.6458
5.6203
1.4058
1.0633
1.2937
0.9477
1.4530
2.6369
0.9826
0.9892
0.1929
0.4465
20.2258
37.775075
2.5634
3.5722
61.7218
1.2676
1.34015
0.3637
2.71445
0.0194
0.03885
0.606366666667
0.0180
2.52555
1.6897
36.1682
0.8118
1.3081
41.139
0.0000
0.0636
1.1601
36.12975
0.1794
6.37505
0.0495
0.323
3.3088
1.0869
0.8350
1.3951
1.2963
9.9652
2.2163
28.0740
0.0386
0.0227
58.1754
1.0996
1.2847
1.5466
1.3584
0.8220
0.7625
0.5831
5.2087
2.6277
2.6543
0.1002
0.16635
0.8043
0.6829
0.1787
1.8392
8.9501
1.0771
4.0928
1.1181
0.9029
2.1170
2.0082
1.3647
1.1786
12.2720
0.9668
2.0032
1.1771
1.0845
1.5433
1.5538
0.0357
0.3438
0.0647
1.0328
1.2248
0.0470
0.7183
64.8875
11.1810
1.5524
73.1060
1.4451
4.2735
64.7913
2.1692
1.3324
0.1391
6.0233
0.7657
3.6631
1.5917
4.9354
0.1369
1.5131
1.4051
70.3214
1.4110
1.6914
1.1552
1.0923
64.1210
0.9671
7.0064
1.6440
0.2122
0.3582
1.5006
3.6562
1.7371
42.42955
0.0402
0.9897
1.0435
17.3750666667
4.194275
0.1256
0.1554
0.0101
0.03845
0.7426
0.996166666667
1.0127
1.7955
1.993
10.9808666667
14.49245625
50.4547125
0.9433
1.6690
1.1905
1.1806
5.8208
63.1626
2.4456
5.2368
0.0379
0.19985
0.3707
0.391133333333
0.643575
2.06408
0.0856
0.2876
0.5356
0.5472
0.929625
1.5214
16.62352
39.4618214286
58.7432666667
1.3458
0.3943
1.3699
0.1532
0.3203
0.0311
0.0485
0.06495
0.104666666667
0.134275
0.1369
14.8878533333
0.0096
0.0173
0.0209
0.0302
0.0305
0.03605
0.0369
0.04335
0.0438
0.04605
0.0498
0.0522
0.05285
0.0785
0.0801
0.0849
0.0884
0.0889
0.09875
0.1015
0.1023
0.1132
0.128766666667
0.133225
0.144772222222
0.145555555556
0.1645
0.1695
0.1739
0.18013
0.2038
0.21565
0.2254
0.2355
0.239911111111
0.2594
0.3211
0.3290
0.33837
0.3517
0.3745
0.4
0.44035
0.451290909091
0.4515
0.585433333333
0.586603846154
0.619516666667
0.65064
0.651533333333
0.665
0.68666
0.755325
0.773108333333
0.8519
0.996390625
1.1600
1.21301666667
1.37382727273
1.3767375
1.52106666667
10.53085
11.56857
11.84745
12.16338
13.7796583333
12.4045974359
14.3786
11.6993026316
2.80895
23.13780375
25.2302060185
30.354207215
31.9164213404
50.1831786667
0.0736
1.5368
1.2083
0.3213
1.0550
0.0001
1.0013
0.0001
0.2900
0.0474
0.0452
0.0184
0.08975
0.229666666667
1.092975
3.62862
0.0356
0.14685
23.7123333333
1.0520
2.5097
0.8808
1.2161
0.0406
0.4736
1.0699
1.1791
1.88795
15.9798166667
19.94145
36.8349357143
1.1511
1.9499
31.97895
33.2009
32.8212555556
0.7875
1.4716
3.99586666667
22.4656
0.9163
6.6339
0.1600
0.25805
1.0059
0.3080
0.53915
0.0147
0.23425
2.292
1.1193
30.68485
59.8724
63.4572
1.1185
2.49055
1.0610
9.8713
0.6224
10.48645
0.2268
0.9811
0.9963
0.9998
1.0734
1.1369
1.1848
1.3312
1.3933
10.007725
10.2216
10.419675
13.8379
14.2749
15.7867
16.08759
22.5670375
25.64995
30.5944357143
30.6938277778
31.80375
35.3087666667
41.5039
45.1273151515
46.47264
58.7248458333
0.9538
0.0312
0.11285
0.2231
0.1111
0.1239
0.29765
0.862733333333
0.0004
0.14525
0.1922
0.333825
0.0831
1.19
1.56946666667
0.0001
0.0175
0.02865
0.526466666667
0.973
6.84603333333
0.0545
0.0921
0.1139
0.1902
0.4746
1.18356666667
22.782075
27.7020833333
0.2739
0.4907
0.8704
1.23015
7.91622222222
0.1400
1.25155
0.1962
0.39
0.0645
0.19875
0.254666666667
0.5576
0.6139
0.9416625
6.81886666667
1.0962
4.9185
1.6960
32.67515
25.574
20.461825
0.8983
1.03305
0.0956
0.3291
1.1703
6.6753
29.0565666667
0.0168
0.1218
0.151166666667
17.758725
1.1300
7.34965
0.1358
0.68265
0.9171
1.3168
1.35846666667
2.30496666667
4.77842857143
0.0001
0.30435
0.424133333333
62.8727
65.1845
0.0450
0.0942
0.188425
0.42345
8.00556
1.4180
65.1945
1.2587
5.5746
74.125525
1.8986
5.41265
1.0465
4.94595
1.0795
1.1281
10.6958
19.601425
18.520875
13.3711
14.1165
28.0544
48.3913666667
1.5027
14.278
35.6914
0.0004
0.0121
0.0181
0.0262666666667
0.0877625
0.1454
2.0012
64.98225
1.3276
3.8771
0.8844
1.0368
4.29303333333
1.6002
1.8574
2.6403
19.068575
13.01785
14.0722666667
1.1108
1.36775
29.7078666667
24.061925
0.0000
0.3925
0.4214
1.0247
11.9087
18.2097
11.9862
22.9152
23.92019375
48.11789
1.1296
1.7447
10.5432
10.63045
10.9122333333
12.8896
13.4737
15.1349
15.8516
14.2835
18.920125
22.4882
25.09555
28.9764285714
34.854675
40.3965375
49.2745875
0.3723
0.4102
0.46355
0.4948
0.536433333333
14.9410
23.2715083333
0.3896
1.7541
1.9384
11.49865
10.6802333333
11.5167
13.4710
10.075
2.9338
25.904825
35.899455
46.7319222222
48.8736060606
0.0219
0.3181
0.585
1.0340
1.0764
31.07959
0.9194
1.0279
1.2097
27.13475
57.0663666667
65.372875
68.9050375
1.2049
9.00115
1.2166
1.34335
5.5092
0.9336
1.0221
1.2753
1.5234
1.8452
1.9612
13.8344333333
16.4849
19.45205
2.4710
31.0528541667
36.40692
47.1228772727
53.9825461538
1.0409
1.4580
2.9574
41.94165
0.0093
0.0265
1.4456
1.9948
2.5332
33.3966
43.4765166667
31.56316
61.3588708333
0.0171
0.3087
0.8950
1.865575
1.0655
10.3511
12.6054
15.4907
21.2949
14.28915
20.0329125
23.7622166667
29.60059375
0.9524
1.3204
1.5675
2.217575
21.06935
28.81945
29.1616666667
39.180075
50.077748
0.4198
11.8865
0.1293
0.80245
0.851
49.97175
52.86174
62.0536
0.0116
0.01745
0.0316
0.0416
0.33832
0.0214
0.90185
0.1051
1.10175
0.1516
1.42815
1.6190
1.84475
0.0122
0.5108
0.8016
0.9735
1.0810
1.197025
1.32065
1.40717
1.50204444444
1.75817
1.8809
1.4036
8.554
0.8867
4.09875
1.3670
75.5125
70.6470
0.0001
0.8736
0.0407
0.4437
0.4458
0.5563
0.64225
0.740266666667
1.0235
1.3577
1.59099
12.7978857143
25.3823375
67.1472
0.1443
6.5688
0.0312
0.6257
1.05435
1.3758
0.0311
0.06885
0.1918
0.61235
1.5880
0.0829
0.1195
0.1974
0.28785
0.6209
3.57261666667
0.0174
0.1614
0.3276
0.52785
1.348
1.60113333333
20.1451
26.6597444444
51.3005777778
1.3045
0.0803
0.0986
0.14725
0.431233333333
0.53448
0.644883333333
1.4627
12.6603857143
34.23668125
3.3517
1.2753
0.9966
0.1253
1.5193
0.2515
0.2141
1.4430
0.3552
0.4988
1.10443333333
1.889925
2.21718
67.0547
1.4493
0.7949
0.0000
0.0117
0.01995
0.044375
0.9436
0.5635
0.9633
1.192925
2.6361
0.3260
0.41395
0.4656
11.8661333333
31.79356
16.2762
0.0671
0.6069
0.0609
0.148
0.1699
0.2102
0.1160
0.8638
0.3542
1.7048
1.3304
11.3641
33.81815
6.34326666667
0.4316
1.06355
0.7801
2.57225
25.9064
39.33545
17.9517
38.6582
68.3686666667
0.2564
0.47075
0.0000
0.0514
0.11585
0.38085
70.5785
1.4156
6.2639
11.0599
0.0958
63.4981
3.6460
0.5755
0.6721
0.2005
1.1551
1.0596
0.7934
65.3475
1.5462
1.4548
0.9208
1.0360
0.4597
0.7711
1.6658
1.7366
3.4047
8.4748
16.1288
1.0608
0.0001
0.0741
0.158966666667
0.229425
0.2706
0.0534
0.0538
2.54995
26.0546333333
69.820125
0.0123
1.0065
1.0196
1.19115
22.1125
13.4733875
22.4880833333
28.3537571429
4.9639125
0.9720
1.17745
0.3286
0.6335
1.6304
20.602975
0.0081
1.65135
0.0198
0.0263
1.39616666667
0.0197
0.3278
13.9637
22.8916
0.0692
0.55525
1.9459
2.428
2.1162
45.45535
0.0000
0.0002
0.0262
4.1271
0.0342
0.06275
0.0976
0.166775
0.3438
0.54495
0.737485714286
1.130525
0.0001
0.6987
2.0018
63.1775
2.3122
0.1684
1.2115
0.0635
0.6503
0.3541
1.3030
2.3039
0.3848
0.7321
0.1204
4.6597
0.7368
1.3026
13.6847
1.1064
0.0503
0.8454
4.9644
4.0467
2.5868
1.4494
0.1654
2.1892
2.1486
27.7404
1.6746
0.1904
2.3848
1.6163
0.1434
0.0822
3.0345
1.7900
0.5330
0.9905
1.2817
3.6819
0.9752
2.18695
5.11546666667
0.5043
1.4277
1.0878
1.9001
1.2488
0.9318
1.0690
6.7992
1.3810
1.3125
14.5696
2.1629
37.695275
3.4796
2.7123
3.4305
0.4061
1.2050
0.0916
0.3425
1.0445
1.0027
8.97315
0.6200
1.2394
1.88763333333
1.98515
3.4230
0.1508
65.6024
1.8514
1.5925
1.3284
0.0488
0.6784
0.2465
65.9097
0.2321
0.3488
0.6598
0.7832
1.1725
3.447875
42.48955
46.9262833333
59.1149
59.94705
60.5205285714
61.57388
0.0001
0.0037
0.0077
0.0313
0.0414
0.0705
0.0712
0.0915
0.09315
0.0985
0.10485
0.1172
0.1242
0.1543
0.17045
0.2025
0.2375
0.2546
0.2567
0.2584375
0.2587
0.2613
0.3174
0.3802
0.38365
0.3923
0.4248
0.4428
0.4432
0.5301
0.5467
0.560266666667
0.5669
0.5696
0.62145
0.62885
0.630158333333
0.6831
0.709466666667
0.714166666667
0.7755
0.79
0.793275
0.908525
0.9472375
0.9939
1.03616666667
1.07943333333
1.11893333333
1.14971428571
1.197
1.365275
1.4341
1.71920461538
10.3066666667
10.50275625
10.60466125
10.8738694444
11.60869375
11.8480125
11.1023722222
14.8137111111
11.38475
18.79813875
23.9745860417
19.6328478261
0.1588
0.1663
0.239075
0.359175
0.4199
0.62566
0.6926
0.7417
0.893116666667
5.4177
0.0312
0.08075
0.132566666667
1.3765
2.788925
18.49376
29.8725
3.8718
32.3625952381
0.0110
0.0283
0.05975
0.09445
0.2585
0.5424
0.66754
0.823288888889
0.988677777778
1.27731
1.4967
11.8644909091
11.4899083333
8.48249230769
0.0322
0.0708
0.2262
0.25705
1.096375
1.1703
1.6308
10.1886
11.3675
11.7349
12.3697
13.34495
16.7074
17.9981
16.1249333333
2.91465
12.7458833333
22.46905
23.9059
31.925425
36.9786
40.7539142857
43.62956
47.5093666667
49.820916
52.400295
52.6655901042
0.0004
0.0005
0.0007
0.0075
0.016
0.04625
0.0770333333333
0.1096
0.123325
0.1614
0.1769
0.1996
0.2139
0.222983333333
0.2285
0.23578
0.2826
0.3005
0.30257
0.3357
0.33735
0.3871
0.387928571429
0.3945
0.4005
0.43474375
0.572705
0.5976
0.72338
0.7388
0.81586875
0.837491666667
1.21748333333
11.2515
12.2343425
15.2645
12.6034375
16.3661888889
20.6436384615
26.8199071429
13.2601288194
41.5570267974
0.0311
0.0336
0.0515
0.06515
0.06615
0.107066666667
0.1382
0.2697
0.511013333333
0.8463625
4.40884444444
0.0915
1.2083
1.30745
1.3453
21.1972666667
33.175725
51.4562916667
0.0165
0.1022
0.4428
0.61665
0.9747
1.68665
2.19255
2.59440714286
0.0300
0.14095
0.0181
0.0504
0.2008
0.739225
0.0815
0.3535
0.38675
0.635433333333
0.66155
0.73588
1.45437142857
19.9342
0.1715
0.4072
0.5099
0.8321
11.3673111111
1.7572
11.68125
25.2704666667
0.6979
0.9529
12.7637
19.4163
14.7183
39.43775
0.0258
0.0847
0.16965
0.7562
0.86395
1.4808
5.36665
58.4583666667
0.1303
4.51385
0.3367
0.8063
30.8819333333
43.2846
56.75518
1.8355
11.3233
5.18725
7.56065
11.0881
20.8933
0.6864
1.2243
1.7278
13.02645
16.8696833333
13.66633
3.0703
4.7113875
0.0002
0.0068
0.0091
0.0167666666667
0.0169
0.0177
0.02435
0.0271
0.0294
0.03695
0.0796
0.129675
0.18512
0.57910625
0.80651
17.5253625
0.5020
0.58255
1.1629
1.43225
2.0584
17.05485
27.6107666667
37.3321083333
0.0558
0.5793
0.5463
2.4143
0.1387
0.3652
0.441525
1.0775
1.1729
20.3251625
55.1940083333
0.0920
1.08825
1.3977
8.2037
0.0897
0.1319
0.1107
0.181
0.8305
1.0552
1.0751
1.97746666667
9.22118
0.9779
1.0641
1.14515
11.1180
18.364225
19.413425
33.7258333333
53.617265
1.7630
1.6223
0.0432
1.1790
3.0381
20.33635
22.8668
1.8396
0.0001
0.0001
0.0116
0.0132
0.0172666666667
0.0374583333333
0.0657714285714
0.218025
1.0199
1.0358
1.7509
1.80185
21.6497111111
0.0714
0.3437
1.1641
0.9190
0.3266
1.2376
1.2659
1.3573
1.371675
19.650475
23.6602833333
0.0051
0.0404
0.0508
0.0639333333333
0.12315
0.1419
0.21555
0.3797
0.421093333333
0.806875
1.44986666667
1.65003333333
5.1722575
0.0000
0.01035
0.0126
0.0141
0.0159833333333
0.0190
0.0272
0.0283333333333
0.0445
0.0453
0.0517
0.0812
0.0950666666667
0.0964333333333
0.1637
0.1839
0.2225
0.23865
0.2598
0.331315384615
0.3683
0.57725
0.647975
1.576725
10.0813446429
11.120325
31.48578375
41.41356
0.1985
0.40185
0.0189
0.0450
0.0895
2.0915
2.76286666667
29.77875
0.0474
1.1071
1.5823
0.0704
0.5251
0.5839
0.7222
0.733775
7.51735
0.6572
0.0448
0.0587
0.1467
1.414075
1.9692
26.22303
0.2201
0.39
0.6216
0.81935
1.02003333333
1.2468
1.26870833333
14.3565785714
0.0473
0.67225
1.5404
19.3480
61.0102875
32.8814
36.37525
45.7638333333
63.0403
0.0416
0.6622
0.7616
2.89375
27.57945
30.66332
42.8267714286
53.1045875
2.6432
0.0751
0.24295
2.2327
23.9521833333
5.1387
0.0001
0.0003
0.0128
0.1079
9.32388888889
0.0557
0.6425
0.730066666667
0.910875
0.96378
1.4533
12.7649
11.71595
13.07265
15.5460
24.6089833333
19.4174111111
41.65147
44.6869653846
1.3959
0.3497
0.7496
0.0558
5.4142
1.0602
1.974
0.0832
0.8126
1.1479
24.62055
31.7419666667
0.0001
0.03705
0.3788
0.4044
0.3058
1.4487
7.067775
0.4234
1.52025
0.0926
0.2943
0.34135
2.10943333333
2.1512
2.53455
1.7331
2.70045
0.3604
0.6232
1.0213
1.2019
6.04603333333
3.2058
26.4170
0.9665
0.0596
0.3399
0.3825
0.617483333333
0.1116
0.1355
0.2025
0.2050
0.20865
0.240433333333
0.2941
0.3127
0.416975
0.43455
0.49785
0.560595833333
0.9249
1.51486818182
5.28754871795
1.0718
14.4537
0.4031
67.6449
1.2250
1.8870
1.7280
0.7483
1.2731
5.9080
1.4094
1.7111
66.2367
1.0582
67.6662
0.1290
1.1078
1.1141
1.2956
12.2596
12.6854
11.933275
12.91655
2.8242
16.09925
24.2547
25.0441
27.0262666667
40.9312
51.4997738095
53.1639288462
61.7215352941
0.9112
0.0390
0.0935
0.1941
0.2743
0.31655
0.3167
0.3707
0.37915
0.422575
0.458207142857
0.5041
0.5344
0.5647
0.639233333333
0.701366666667
0.81928
0.93725
1.06488461538
1.5355
1.65175
12.7624
12.9063535714
12.72578125
18.7976
2.08485
23.7164555556
12.2736975
31.8516358974
51.7902689655
0.0416
58.3067
1.1926
1.92315
2.1817
29.91265
0.9641
1.69785
0.0003
0.0312
0.0483
18.4632
34.3578
0.1447
0.97825
0.5932
2.5229
0.0111
0.01715
0.0541
0.081
5.6910
0.4928
0.3480
0.7636
67.6642
0.5693
0.0655
0.0455
4.8252
0.4617
66.2976
3.2816
1.6849
7.1857
0.2731
0.4877
1.0057
0.1425
1.0095
1.6628
68.7412
1.1557
2.91825
62.6525
64.02375
0.4888
29.601
1.0877
5.23025
0.1018
19.1366
0.0751
0.18585
3.9533
46.3565
0.8631
1.0927
1.1046
64.771
66.6676333333
0.2898
0.35685
0.2120
0.9247
1.4952
20.7827
0.6036
1.9134
0.2679
1.1105
1.1800
2.0426
0.8592
19.0521
1.4301
1.1061
1.1750
2.2514
0.1342
0.5611
0.0892
0.5837
0.0229
3.3456
1.4625
0.0001
61.3626
11.4727
1.5387
1.2685
0.0296
0.0866
1.9967
0.5071
0.9140
0.4093
0.1324
2.6230
0.0400
0.69265
0.8618
2.00773333333
0.5191
1.0358
0.0559
0.26715
0.357833333333
0.438675
0.4835
0.1959
1.2424
1.90605
28.181
16.3495
5.7441
1.5961
1.1865
0.0299
3.5533
57.2000
0.9718
0.9369
0.1984
0.8683
1.5514
11.0384
2.2536
1.4365
15.4907
1.4236
1.0906
1.6847
3.0312
3.2522
67.4302
0.4134
0.1069
1.9156
1.8169
0.8535
2.9815
0.0975
3.8479
5.4578
1.1033
2.9192
75.52505
1.3615
0.9117
69.85845
1.8883
0.7131
0.2865
2.4014
3.0755
1.4141
0.0984
2.4943
0.0683
0.0160
0.0396
0.1152
0.1565
0.2394125
0.3363
0.868071428571
4.6908
28.6545
0.2403
0.3043
0.3559
0.3914
0.54035
0.556133333333
0.667766666667
0.7258
13.6305916667
13.6729714286
28.350125
39.347145
0.0025
0.0127
0.0190
0.0263
0.0394
0.0396333333333
0.04485
0.0724333333333
0.081425
0.0832
0.10405
0.16121
0.236325
0.5185
0.5214
0.56685
1.03196
1.3550047619
1.838075
11.77345
12.3732895833
3.2111
22.0663421053
10.4095940476
0.8923
0.2619
0.0004
0.0752
0.1094
0.2161
0.2850
0.28645
0.38415
0.406611111111
0.900833333333
2.47216666667
14.897495
0.9517
18.7980
2.4405
23.72245
25.1033166667
41.97373
0.1583
0.18635
4.85586666667
1.0796
15.5403
2.1197
34.7175666667
41.1471
47.5291333333
54.2402285714
1.6664
3.37375
1.2611
1.2963
1.3046
2.67735
33.8057
15.5443375
0.2447
0.9464
2.8872
54.7355333333
58.2408875
65.2117
1.1045
2.0294
27.2015333333
1.7884
2.0408
2.9127
1.1458
9.684
0.0508
0.6664
0.78925
0.2860
0.9804
1.44995
1.1043
1.6174
11.0153
11.5031666667
30.66355
39.1484
43.90114375
0.3100
0.40195
0.9164
1.0294
1.0347
11.33805
11.6187666667
11.2918125
12.3638083333
1.0413
2.3932
0.8309
2.12285
0.2759
0.3681
0.0001
0.0032
0.0156
0.0173
0.01855
0.0360
0.0366
0.0394
0.0755
0.0892
0.0961625
0.1073
0.1090
0.1278
0.1399
0.15171
0.1784
0.2014
0.2155
0.264066666667
0.36625
0.492388095238
0.50885
0.59395
0.660002564103
0.85622
0.9285125
1.1433
13.0680411765
2.41618194444
29.5978409091
10.573267284
6.84714242424
13.5660
18.16245
40.8263666667
0.2568
1.85975
10.2055
36.70835
46.1404
56.3786166667
1.1708
0.9806
1.2718
77.9701
0.0383
0.0466
0.04715
0.061
0.0701
0.1109
0.1383
0.1597
0.1708
0.1823
0.19685
0.2248
0.2684
0.31365
0.3278
0.392466666667
0.413016666667
0.4425
0.52665
0.5613
0.6412
0.744216666667
0.910625
0.9470
0.95079
1.0531
1.07176
1.20049583333
1.28428571429
1.527825
1.52805
1.70766
12.6825333333
13.2603119048
6.2762040625
0.9961
0.2198
1.6034
13.6127
5.1667
37.703425
2.2684
1.7516
38.389
0.0238
0.2273
6.03033333333
0.9574
3.2035
8.488875
0.0891
0.1887
0.9863
1.16865
12.4662666667
5.4982
0.5159
1.52665
63.7600
68.0874
1.0226
1.0927
35.7145
1.1489
1.1813
1.2244
1.3934
12.8337
13.8134
16.0246
19.776875
22.965775
24.0773666667
35.6975222222
36.014175
48.0014555556
54.6419071429
0.2301
2.2105
18.757325
0.9740
5.9249
1.2902
1.8419
0.0339
0.0767
0.1283
0.2983
0.486733333333
0.0222
0.1127
69.1418
72.441
14.0321
37.18515
1.1301
3.7414
47.49725
4.2088
7.026
2.1890
5.24075
1.3733
3.0516
37.0363
23.6915
0.7333
1.2344
1.8008
3.74566666667
0.6131
0.9462
1.4111
23.842975
17.3740625
0.1511
1.0171
10.14455
23.6344
25.15175
33.27212
0.2036
32.68285
0.0176
0.0287
0.311866666667
0.871225
1.1633
10.89715
29.99638
62.1197125
0.0246
1.2803
4.9883
1.5028
42.77385
11.8386
2.3664
31.6069666667
0.0303
0.0548
0.4286
0.4548
0.5021
0.6184
0.645883333333
1.0314
1.2901
1.7241
12.8881666667
12.9565875
15.09686
19.1105916667
2.0793
28.6238472222
35.59012
1.9413
5.36945
0.0001
0.00025
0.0624
2.6232
3.55096666667
0.0650
0.0807
0.1013
0.1181
0.2773
0.3459
0.519
0.55822
0.6182
0.647007142857
1.47022727273
1.1074
1.1420
4.34075
0.4958
1.71645
2.8760
22.5631
2.1455
31.83325
0.0381
0.06845
0.0788
1.0033
1.1568
1.2246
1.2838
1.47675
1.8186
10.8316
11.3691
13.5531
2.1974
2.95628333333
20.1774
24.06778
27.2611514286
32.88485
42.3105
47.9666654762
22.8188
66.8975
27.6354333333
1.3129
64.91605
0.0399
0.0983
0.7686
0.9119
3.6977
5.32225
0.0604
1.3885
0.7642
18.7543
1.2342
1.48295
26.4780333333
0.1491
0.52595
0.0270
0.09005
0.1137
0.14055
0.0670
0.1496
0.2167
0.4207
0.5475
1.51685
1.520475
1.74743333333
2.0015125
0.5556
42.0069
0.2069
0.31765
0.9411
6.60221666667
1.5691
5.8253
62.8162666667
1.7610
33.98515
0.9699
1.9318
1.2280
42.8766
6.1201
65.8357666667
0.0228
0.0718
0.16
0.2434
0.28435
0.3728
1.54181428571
37.041875
1.3063
1.85
0.0079
0.0351
0.0815
0.10195
0.6283
0.6470
0.689216666667
0.86215
0.963042857143
1.4363
1.50683333333
2.0482625
15.18715
2.8304
20.25365
9.86688888889
28.8567
65.0003
0.4223
4.0227
50.5927666667
1.5666
4.43945
1.2748
2.66385
13.9982
18.6353
38.81955
44.0602166667
0.1449
0.24775
0.0149
0.0823
0.0964
0.1383
0.174125
0.2872
0.326833333333
1.0336
1.494
10.6631
10.4618
17.5843888889
0.0577
0.06525
0.3506
1.1822
1.59615
10.4579
28.1346333333
22.61745
1.2752
1.6984
1.8388
2.1988
39.6291833333
57.66985
0.0069
0.0592
1.7207
5.51565
1.6363
3.40865
0.0595
1.53665
0.9486
1.25895
4.3779
5.81335
1.6064
11.3276
10.9562
2.77345
37.5084555556
56.46955
4.5065
2.7648
1.0051
1.24095
1.4444
10.543
26.1425555556
35.2154166667
1.0846
1.1570
13.3827
2.4940
6.8089
4.1254
1.5538
1.1791
0.9716
1.1098
10.15995
10.2395
10.2409833333
11.55785
12.4447
16.35705
20.27696
12.7841666667
26.3834
37.937525
41.9253384615
54.6781857143
0.9116
0.9285
1.07425
1.2613
26.25835
44.3347
50.45335
58.7680944444
0.1678
0.0001
0.9112
0.9268
0.7665
0.0748
0.4842
0.6734
0.0000
0.0001
0.0001
0.00025
0.0003
0.0100333333333
0.0129833333333
0.0433571428571
0.0459
0.172620833333
0.1657
0.3187
3.1710
0.8605
0.7566
1.0319
1.2790
1.0103
0.8628
0.0509
0.3272
0.0476
0.1178
1.4917
0.0166
0.06355
0.2134
0.295016666667
50.66444
0.7681
0.2449
0.7499
0.2025
0.0745
0.1455
1.0605
0.3223
1.8015
1.9304
0.4197
0.1812
0.0002
0.2226
0.0229
3.2579
0.1244
1.4241
0.0723
0.0893
0.1417
27.7528
1.5699
1.2167
0.0169
0.0190
0.0305
0.0316
0.05805
0.0637
0.0707
0.078
0.104266666667
0.195766666667
0.204857142857
0.55095
0.707084444444
3.0281
6.4159
2.4563
2.0861
0.5595
0.8592
0.1226
0.19375
0.349133333333
0.7948
1.246575
13.9147666667
29.8801857143
14.0911125
1.2101
1.3927
1.9286
1.0441
0.3102
0.6450
0.73055
0.766833333333
0.8039875
2.8561
6.8961
1.2532
1.1895
3.8621
1.2366
1.4594
0.4318
72.6790
75.2266
1.2010
0.1266
5.0343
0.0759
71.6736
0.5807
0.0784
1.2509
13.1002
0.2378
0.2017
0.0738
0.0479
3.6154
1.7039
1.1001
0.4866
0.5321
0.9042
1.3795
1.7503
0.9858
1.5632
1.0826
1.1296
1.0229
0.5686
0.7442
1.1418
0.0001
0.0358
1.1573
0.8097
1.1188
14.4789
6.5318
45.9726833333
4.1583
61.2045
0.9607
1.8869
15.8702
27.3506333333
30.1783
50.5289
0.8735
0.9251
1.6223
28.34695
42.521375
1.1714
15.9159
1.0844
1.4861
24.6028333333
20.3452
0.0163
0.0349
0.0350
0.08835
0.153388888889
1.0840
8.92025
1.7800
69.5704
1.0584
3.24665
3.7781
0.0191
1.4406
1.1604
36.86305
2.4320
4.86025
0.0148
0.0269
0.43245
0.6645
1.1043
1.2543
11.45665
21.5401
8.592475
0.6846
1.08675
50.0162666667
1.2706
74.62665
0.7509
14.5698
19.8568666667
53.193325
1.7532
1.9972
0.9664
1.0202
10.19375
22.2963166667
11.0151
32.7987
25.56725
39.314925
43.34808
54.59575
65.4908
0.5349
1.39895
2.0574
7.7899
1.1141
10.5393
6.0158
0.4928
1.3268
1.3925
1.6618
10.1119
15.5567
15.9756
14.1812375
23.6890916667
31.3798
36.837209375
0.8343
67.25855
11.0186
62.99785
0.0351
1.7899
3.424
0.0055
0.1410
0.95745
1.3306
1.8661
13.3361166667
16.36731
30.3341785714
43.1743666667
1.5170
1.95095
21.981
17.401575
38.44528
46.7885666667
10.7926
12.83035
49.6326
7.0109
0.9126
1.13175
24.1257333333
5.131675
1.7950
17.2406
52.025075
0.0934
2.61635
0.1430
0.3047
0.449075
12.5971
74.93585
0.0635
0.1282
0.1143
0.4953
1.2399
46.17885
1.4394
1.5129
37.63105
0.7864
0.8809
0.0757
1.0274
1.23145
11.434
47.5633
0.0485
0.09565
0.259066666667
0.476375
1.5772
0.9687
1.5753
4.092625
1.4940
3.3642
63.06285
0.0280
1.2474
7.64773333333
0.3571
1.37305
16.1920
81.4116833333
1.0308
10.2344
19.869825
0.8303
0.953
24.8088333333
3.2068
32.2252
68.3639333333
0.4316
0.5112
0.5971
0.9922
1.0928
1.2291
1.75495
1.950925
16.1718
22.48933
11.1101742857
3.1329
32.96145
0.5509
0.5724
1.6372
10.2405
21.994975
29.4105
3.3720
38.426025
38.64745
46.83917
53.7565952381
58.57029
61.7214230769
0.2617
0.3927
1.1935
1.53545
12.1191833333
3.15036
7.7734
1.0714
1.0896
1.2103
2.946575
38.5429
43.3037333333
0.7075
1.0717
1.12695
3.702375
0.0291
0.1055
0.3731
1.54745
0.1079
0.4092
0.50795
0.5547
0.1612
0.3988
0.9739
1.54815
1.6497
2.28552222222
35.7320416667
0.0132
0.0424
1.0812
11.9573
11.89225
12.1949
14.58864
17.7282
28.5982
41.7838
1.5547
0.2068
1.40145
28.6569333333
18.510175
1.1299
1.1562
2.1106
5.86073333333
0.1213
0.23065
0.2719
3.0020
5.3325
1.4497
1.5082
0.8063
1.3838
1.4478
11.15005
0.0647
0.09545
0.0298
0.34225
37.4327666667
0.0263
0.0738
0.0137
8.5199
1.1399
2.77605
0.7129
1.0013
1.1086
14.0783
15.5681
2.2843
16.6444444444
13.3405
11.67374375
0.6185
34.27545
1.9666
10.1894
12.9883666667
13.5158
44.5619625
1.6740
2.1421
2.44745
18.077875
2.0914
75.334
1.1488
1.5958
1.7022
36.24915
29.618525
0.7051
1.2724
21.788
36.624875
42.94946
0.8649
10.2946
0.5430
0.60425
0.611533333333
20.87325
10.2225
10.28235
11.1448
2.4380
2.6043
40.786975
45.9325416667
61.1433642857
1.6109
2.09275
0.9055
1.3547
43.699025
0.0974
0.1239
0.17125
0.5541
1.5382
1.80965
0.6333
1.1937
1.1939
12.4473333333
17.356425
18.84808
43.3408916667
56.186975
54.3671888889
0.0928
0.1451
0.4488
1.50511666667
1.4341
1.7237
15.0868
27.8580333333
24.55858
61.0031166667
0.0139
0.0237
1.3093
8.1593
0.2502
2.0001
3.21243333333
0.2490
0.3964
0.4563
57.56765
1.0505
3.38815
0.1460
1.42675
0.1822
1.1784
8.5558
0.0076
0.9738
10.1348
20.8565
0.0001
0.22205
0.0202
0.08835
0.115533333333
0.297125
0.53872
1.15501666667
29.9604
39.0774875
0.0057
0.02585
0.0363
0.1527
0.2170
0.2677
0.4306
1.202235
0.0861
0.13555
0.3445
0.5505
0.8905
0.955333333333
1.81525
1.8716
2.00386666667
46.79217
19.1106
1.3745
1.8152
5.4977
1.1856
1.0023
1.0813
0.2079
1.1790
0.2337
1.7981
0.0285
0.0423
0.1370
0.5606
0.9686
15.9290833333
0.0001
0.0258
0.0708
0.07805
0.100466666667
0.110925
0.1335
0.14855
0.1718
0.863666666667
0.9870
1.36748
15.3993181818
23.9808583333
3.93201538462
11.6485
0.0119
1.32455
0.0190
0.046
0.3175
3.62705
0.0439
0.0708
0.0811666666667
0.350475
0.9579
1.3282
1.6981
1.87426
1.96125
10.72995
13.2309
17.5191625
28.4243666667
49.6852307692
52.2456642857
60.0935766667
1.1033
4.02685
2.2430
0.0552
0.3366
0.58445
1.4356
1.781
12.1926
18.52005
13.7890666667
51.9056333333
1.6665
31.1146
59.101
0.0153
0.0385
0.1210
0.2922
1.1624
1.9779
0.2156
0.1463
0.5736
0.2543
1.5716
1.1019
0.0462
0.0659
0.1424
1.42888333333
1.3028
1.0103
1.19685
0.0112
0.6770
63.9671
0.3657
0.4248
0.4898
0.4129
0.0001
0.1580
2.4740
0.9289
0.2903
0.0559
0.1306
0.9035
2.12253333333
17.18035
4.40787
3.5501
0.0146
1.3249
1.1045
1.5934
1.1339
1.1163
0.2089
0.9239
1.0913
9.4775
6.1089
0.0662
0.0181
0.4593
0.2897
1.0042
0.3444
0.6982
3.4176
0.0536
1.1354
1.3616
1.3913
2.1140
1.2368
0.1058
0.6131
1.1893
1.1152
1.0937
0.2249
1.1960
0.4457
1.3097
42.31205
68.3380
0.0000
1.2236
1.0003
0.4328
0.1203
1.0777
1.1254
8.9599
0.0199
0.4330
0.6737
0.8156
1.1338
0.5798
0.0983
0.3428
0.2534
2.05525
0.1567
0.0288
0.0391
0.1542
0.0000
2.6715
1.1914
0.0001
0.0000
0.0184
0.1738
1.3380
0.8921
0.0650
1.1130
1.86225
12.99335
0.2061
0.3146
0.3164
0.4498
0.4861
0.5915
0.8605
1.11310714286
1.2581
1.40935
2.1645
1.3463
0.0299
0.0418
0.640966666667
1.7682
20.85135
33.68597
0.0252
0.1174
0.1176
0.1410
0.1490
0.2156
0.2271
0.281325
0.3874
0.39886
0.47742
0.7170
1.38486666667
10.7170
17.17985
23.1607
24.39903125
58.1113922222
65.9638
1.1433
0.9138
0.9406
1.2649
69.7975
2.4964
2.9827
0.5829
0.9987
10.720425
0.4877
3.1237
0.1450
65.5808
0.0181
2.12395
0.1669
1.5654
36.199625
1.3965
3.5652
34.1884
0.1312
0.7571
19.1927
18.07975
1.0157
1.1527
54.63435
0.1159
0.43395
0.687766666667
0.0507
1.0796
0.5665
1.3587
38.89925
30.7073833333
0.3429
1.5623
7.4957
0.4404
1.8454
1.0379
1.0916
2.1978
9.26703333333
0.0314
0.0738
0.69335
1.2319
13.0071
36.9693
8.89316666667
0.0312
0.10615
0.254866666667
0.820625
0.0000
0.02335
1.1877
1.4161
12.4260666667
29.7533083333
43.0954285714
0.7921
0.8253
0.9885
1.64175
15.5672833333
14.69458
45.1151333333
5.84485
58.7600142857
64.54644
2.3772
4.258
0.1269
3.20345
0.0572
0.0746
0.1328
0.1680
0.3146
0.519766666667
0.5343
0.93055
1.15545
1.18625
1.52089333333
19.901475
31.6503888889
29.9869972222
39.6366466667
0.2409
0.9472
1.1830
1.67655
21.4444833333
39.43248
62.3202714286
0.9722
1.4654
1.5658
11.79125
14.7413666667
26.814
30.1718916667
0.8467
0.92415
27.1380333333
7.152825
0.0776
0.2776
0.33515
1.60963333333
13.9338125
7.95711666667
0.3022
1.22695
4.5586
0.0254
0.0309
0.1062
0.6769
0.9119
0.9784
1.55833333333
1.9985
2.530675
19.8946933333
28.66019375
35.9975566667
1.2638
1.5369
10.1973
6.19173333333
7.37084
0.9363
0.9653
1.1446
18.7281
7.23923333333
2.1781
62.46395
0.8535
1.04315
11.3853
6.42955
1.0083
1.7184
34.45835
57.0098833333
66.15274
0.2209
1.44645
3.00853333333
0.0000
0.029
1.2290
32.3781
0.4159
1.78805
1.5593
13.1534
0.1315
0.3575
0.672633333333
1.7404
1.4263
1.579
26.7696333333
3.882275
0.5269
0.0804
1.3031
3.8650
5.0673
0.0385
0.0443
0.0474
0.1692
0.2456
0.803066666667
1.27161428571
0.0667
0.4627
2.0482
0.0000
0.0102
0.0225666666667
0.029625
0.04508
0.0573
0.0660916666667
0.0831
0.09036875
0.97938
0.0293
0.1419
35.83515
1.1905
1.26235
1.0347
1.9276
19.61645
29.5757666667
39.9344625
1.2095
1.2218
2.57135
29.7059666667
0.7285
0.85125
0.8590
0.86735
1.61286666667
7.71604166667
9.0315
1.0838
8.9738
3.1179
33.9325
10.1323
5.26995
0.0495
69.9585
28.5790333333
1.0391
11.2019
35.284325
0.1683
0.9659
2.13876666667
7.944225
1.5515
31.49055
0.9022
1.41155
1.6369
1.0970
38.29035
0.5755
33.5636
1.6608
2.8873
18.455
1.0793
66.9931
1.1877
0.9281
0.0107
0.0206
0.2503
0.3222
0.5105
0.73865
1.411375
1.64302
12.17965
18.8848333333
18.0606714286
41.6476166667
46.4433454545
0.3635
0.79455
45.2312333333
0.4164
0.5191
64.2374
16.0305
0.7756
1.3354
1.7835
1.5061
64.3945
29.8931
0.1065
1.2095
11.9537
1.9132
2.5171
66.1268
1.2693
0.1461
1.0158
16.2466
0.0483
0.4270
0.3965
1.8490
6.6320
1.1225
0.0092
0.014
0.0156
1.2987
26.9131
39.75135
1.3037
14.99445
0.0328
0.8341
50.8419
0.0779
1.9127
52.500925
0.0830
0.1306
0.16785
0.2244
0.248025
47.6928666667
1.3246
0.0606
0.9631
25.4877
0.9451
3.0947
0.2502
1.2685
1.8154
1.0215
0.6805
0.9990
1.5426
4.4133
0.0106
0.9788
0.0000
59.0647
0.6198
1.1303
0.0754
0.1503
1.0108
2.5179
1.0097
1.0230
0.0624
66.7598
2.5147
1.4545
67.7145
0.0798
1.5007
0.7297
1.6615
1.2674
0.0314
8.0991
0.0774
0.2815
0.9502
1.3464
1.0054
1.3954
0.1114
0.5269
0.9890
0.0403
0.0728
1.07575
9.7935
0.0000
0.0001
0.0001
0.00025
0.0233666666667
0.115991666667
1.1511
4.1911
37.228825
0.0387
2.1951
5.32356666667
0.9971
0.0243
0.1521
1.29825
1.3032
8.45303333333
4.2201
0.1863
0.3878
0.0533
0.0000
0.0139
0.0000
1.2236
0.1628
1.48835
65.4581
3.6381
62.6880
1.3580
0.6228
2.3006
2.4594
4.1959
1.3453
1.7119
1.7919
0.6102
2.2773
52.4813
2.2494
1.1503
0.9831
64.6140
0.0334
1.0996
68.4110
0.0001
6.9026
3.4439
0.0095
0.0000
0.1069
0.2125
0.3345
0.40755
0.6218
0.70335
1.11577777778
1.69246111111
0.1616
18.9755
15.1021
0.5555
0.5802
70.1263
1.2844
63.9224
21.5084
0.2076
1.9465
13.3297
0.0931
0.1387
0.22245
0.1912
32.58705
3.3100
3.1278
34.48405
1.0573
0.6388
1.2452
2.2064
1.2773
1.1280
1.1514
18.4557
24.0907666667
43.99315
63.10432
83.7492
1.2108
13.4202
11.05505
14.8627
27.145675
45.3379333333
0.1089
0.2829
0.331066666667
0.52485
0.5843
5.02816666667
1.0325
0.2430
0.0000
0.01445
0.1424
0.1453
0.376016666667
0.9217
1.70262
1.84808333333
0.1466
3.18135
3.6852
0.1724
11.0348
19.5446
15.4902833333
17.13468
4.2617
0.0974
0.1163
0.265633333333
0.0002
0.0571
0.10215
0.250033333333
0.318375
0.53024
0.9536
1.1147
10.1972214286
11.1229888889
24.440725
0.1832
0.3589
0.6217
0.7851
0.83855
1.2306
1.32342
1.40153888889
0.0204
0.1494
0.690533333333
0.5281
0.6711
0.6823
0.7545
0.8192
2.0181
36.231375
22.808125
50.5152833333
60.5496533333
1.5820
0.5816
0.9389
1.83355
1.9861
2.78755
33.2343916667
0.0341
0.0343
0.1158
0.1270
0.128
0.1395
0.1608
0.17165
0.186633333333
0.24035
0.2740
0.5884
0.6497
0.7965
1.1436
1.6996
1.728125
10.5578
11.1087
14.0395
14.38349
17.4826
20.1921833333
22.1501354167
34.1310666667
22.43165
40.4416826087
53.4302285714
0.0217
0.0334
0.0527
0.0573
0.0817
0.09275
0.1139
0.1175
0.14235
0.1576
0.15865
0.1729
0.1833
0.184244444444
0.1845
0.1878
0.2067
0.2561
0.2566
0.2611
0.2796
0.29135
0.298066666667
0.318983333333
0.339628571429
0.3410
0.347133333333
0.37545
0.38178
0.458
0.473811111111
0.4806
0.56295
0.5719
0.695284848485
0.922364285714
0.945575
0.9767
1.17114
1.2851
1.37178
1.41054375
1.564185
13.655772807
15.2333
3.11983555556
34.5237129032
43.113871645
20.7925411348
0.5147
0.7335
0.0010
0.0054
0.0105
0.0109
0.0134
0.0193
0.0273
0.0344
0.035
0.0366
0.0385
0.0520
0.05795
0.0593
0.0613
0.0753
0.0796
0.10275
0.1127
0.117075
0.120683333333
0.1233
0.16785
0.1809
0.1982
0.2182
0.275133333333
0.29305
0.29825
0.2984
0.298857142857
0.3329
0.344433333333
0.37905
0.409233333333
0.415016666667
0.52315
0.527875
0.537783333333
0.681673333333
0.9047
0.91008
1.14923035714
1.43482333333
1.57896666667
13.29948
10.3504032258
14.97027
11.1215388393
13.0256333333
23.21722
25.3593707317
9.73847318182
0.1536
0.2408
0.542766666667
0.0001
0.09575
0.0280
0.0553
0.0691
0.0713
0.0771
0.1330
0.155675
0.208475
0.2228
0.228946666667
0.2850
0.439675
0.47408125
0.69639
2.00057954545
4.84674666667
0.1214
0.3549
0.4848
0.5957
0.7367
1.5035625
1.7231
10.6964333333
0.3656
0.50315
0.762133333333
2.41025
3.2047
0.1633
0.3716
0.0314
1.0287
0.0830
0.0858
0.29245
0.8572
12.8528444444
0.0001
0.1568
0.1764
0.7329
1.2733
21.2652
13.2882
3.00075
0.8047
0.9964
1.06095
2.69775
40.3446
0.6455
2.9122
1.5803
39.40865
1.2793
9.85645
0.9673
1.6432
1.9961
10.2067
26.1045833333
21.43174
0.0986
1.27985
0.9191
1.03785
0.1109
1.4656
0.9208
62.8159
5.8766
66.57615
68.0007
71.55645
0.0620
3.35665
3.9513
0.3055
1.0806
1.37495
4.56361666667
1.2395
33.4882
3.7365
7.22035
0.8624
75.19535
0.0000
0.347
1.0969
4.4682
58.108
1.1032
1.7875
35.035125
0.6636
1.2053
2.1791
0.1927
1.62885
0.0189
0.1196
0.47075
0.507566666667
0.8457
1.567
1.60336
36.6830375
0.0444
0.3164
0.3672
0.6041
1.8455
11.1181
11.4301
16.4114
11.031575
15.436
18.02767
19.8314285714
35.3062666667
36.6157409091
48.0443410256
49.96075
12.3885
11.89845
0.6010
0.88475
63.9639666667
1.6856
2.2860
14.843675
0.0756
0.32085
25.9401333333
63.009725
1.2115
4.1426
5.9166
0.0190
0.0227
0.0304
0.0678
0.0731666666667
0.0767
0.0926
0.1520625
0.1917
0.1956
0.196566666667
0.274114285714
0.275875
0.285525
0.41258125
0.418633333333
0.555342857143
0.67367
11.8913363636
14.1594583333
3.21017777778
4.15103384615
1.8951
8.0378
1.6739
3.18215
0.8257
1.0325
1.2112
1.5979
16.2862666667
19.5366
15.675
57.358625
27.8478083333
1.1131
6.1167
1.0359
23.4996
25.6111666667
0.4790
1.12785
1.2120
1.4491
2.04403333333
3.512575
34.7895416667
36.1963875
0.9984
1.1337
13.720925
17.318375
3.8306
46.53158
0.9488
1.0185
11.10195
18.4807666667
13.66444
9.36753333333
1.1316
0.0299
0.60615
0.0221
0.0238
0.0895
0.494416666667
0.55192
2.01148333333
0.0001
0.0002
0.02245
0.0715
2.9260
35.10755
4.9252
68.43995
0.6114
8.4952
0.0413
0.1252
3.81096666667
0.9823
3.2502
24.6501666667
0.2336
1.17475
0.1725
0.19785
0.1879
1.5908
30.7299
0.1345
1.3365
17.340275
18.882875
1.8029
19.1892
2.8115
45.54805
62.6421875
0.9752
2.59195
0.3658
0.6477
1.1767
1.51933333333
39.2154
0.0955
1.1032
32.68725
6.0315
0.1951
1.12615
0.2766
10.9664
23.676025
0.3153
1.0815
1.4254
26.8989
26.1958333333
35.78375
0.2072
1.0194
0.7067
0.0330
4.3428
0.5735
0.7206
11.7995
0.0645
0.1168
0.2004
0.21405
0.2895
0.3280
0.33735
0.5027
0.511333333333
0.515466666667
0.7099
0.781325
0.882275
0.9284
1.09265
1.42056
1.987
15.0731071429
2.52845
12.3758888889
26.4672133333
28.5295861111
33.83232
40.2682
52.2728515625
58.5033263889
0.9783
1.3825
1.2270
2.4729
15.110425
0.6983
1.66355
0.0428
0.5062
0.9382
0.9649
1.1001
0.4822
1.1279
1.5468
1.3742
1.0315
0.1094
0.7260
20.5340
2.9420
1.1560
1.1834
2.9246
1.4010
1.1922
1.2071
7.6903
0.0248
0.1248
34.75405
0.0000
0.0002
2.5924
0.0365
0.0533
0.0706
0.0732
0.1595
0.22815
0.381833333333
1.512235
1.5096
0.0554
0.0882
0.1101
0.1212
0.19105
0.2552
0.305966666667
0.395175
0.421366666667
0.6762
1.20424
10.86395
12.263
14.9260444444
26.9109833333
43.8618653846
3.5035
0.0000
0.0318
0.0582
0.0961
0.0964
0.1465
0.1627
0.1877
0.2023
0.2076
0.2216
0.24535
0.2702
0.2719
0.304166666667
0.32485
0.326922222222
0.3304
0.3545
0.3559
0.383833333333
0.3885
0.43205
0.469025
0.5127
0.5162
0.6227
0.6589
0.6628
0.82732
0.837457142857
0.877588888889
0.916222222222
1.023
1.15901818182
1.2987875
1.402075
1.5449
10.2906
10.22545
10.3587807692
11.6682
11.79017
26.39626
26.6125571429
29.34016
26.6522166667
30.0520033333
12.6459547794
39.6259439394
38.1323457143
41.2893
42.6866869565
66.0282
1.3272
1.3842
0.1257
12.0809
1.4273
1.8373
0.3023
1.0104
0.3578
1.1903
6.7712
0.0596
0.9942
1.3456
1.2141
3.2047
2.6017
0.4623
0.1252
0.0472
0.9058
0.1081
0.1429
0.0180
0.2887
1.1683
1.6633
0.8025
26.7199
0.1315
0.55995
1.7334
1.2010
1.3899
2.50456666667
1.6360
0.0161
0.0179
0.0208
0.03925
0.04075
0.0486
0.0526
0.0603777777778
0.07515
0.10985
0.1488
0.20615
27.4610428571
7.1900
1.0442
11.08025
17.0644666667
16.9453
37.23396
0.0265
0.0733
0.4791
0.74885
2.9918
0.8999
0.1839
2.2139
0.9879
63.6804
1.2004
0.9419
2.6052
1.2345
1.8378
6.8760
0.3265
2.6364
2.4235
1.0211
0.2764
0.9622
0.8009
1.6147
4.4982
68.7631
1.8198
0.6856
1.6085
3.7868
1.2087
3.0991
13.9100
1.0908
1.3834
3.4024
0.0063
0.07535
0.117333333333
0.3557
0.2521
0.3779
0.4797
12.5993
1.1789
0.0474
0.0759
0.2670
0.3403
0.3582
0.600125
0.71772
1.0644
1.07765
1.111
25.2624791667
24.5597727273
0.5089
5.0169
0.1339
1.9404
0.0107
1.1108
7.7006
0.1866
0.2375
3.1738
0.0000
0.9397
2.6568
2.1932
0.1484
1.0556
0.0221
1.2127
0.1050
2.8369
4.7350
1.7261
0.0390
13.0485
0.9760
1.3203
15.2253
1.4009
2.8947
0.9588
5.0131
0.5052
13.1099
5.955575
1.5337
1.2734
1.0361
1.3788
1.8189
71.1776
0.8348
1.1304
16.9304
1.2299
0.0000
0.0000
0.0003
0.0075
0.0085
0.0134
0.0461
0.0463
0.0502
0.0625
0.0722333333333
0.0763
0.10165
0.1085
0.1124
0.128983333333
0.18055
0.190825
0.19245
0.21676
0.2206
0.2225
0.236118181818
0.272666666667
0.3263
0.3575
0.4102
0.431653846154
0.49935
0.57774
0.591425
0.725816666667
0.8798
1.04203333333
11.3833
12.3596125
10.9001321429
10.028155
10.5295869048
13.32387
16.1703892857
16.6781
12.18412
16.9360458333
2.1590
20.7669473684
34.9207410935
0.0226
0.0766
0.1439
0.2201
0.3717
0.84075
1.00248
1.81308333333
0.0756
0.1582
0.1909
0.1325
0.459
0.0881
0.21925
0.3916
0.5302
0.602275
1.18497
1.60054285714
20.8975
51.0693222222
0.1804
0.31745
45.4156
0.4441
0.51665
0.0187
0.02415
0.0499
0.0118
0.0449
0.128933333333
0.4092
1.0941875
59.2327
0.2154
0.3518
0.3624
0.66265
1.05887777778
0.0219
0.0504
0.0549
0.0566
0.0659
0.0862
0.09155
0.0964
0.13565
0.1466
0.1622
0.163366666667
0.1710
0.2183
0.284325
0.39837
0.46075
0.50305
0.54135
0.589114285714
0.835022222222
16.6686380952
12.2548666667
6.85329236111
0.0195
0.0312
0.0611
0.0848
0.1142
0.1494
0.16795
0.1749
0.2605
0.3548
0.4344
0.548
0.6561
0.7608
0.9470
1.04186666667
1.07665
1.0802
1.1113
1.1251
1.1936
1.2375
1.2381
1.2493
1.3057
1.3566
1.3877
1.4182
1.4208
1.4319
1.563
1.5752
1.6487
1.6684
1.669
1.6919
1.7094
1.71535
1.7708
1.7748
1.7854
1.7901
1.84241666667
1.8481
1.9257
1.9546
10.0113
10.09915
10.0997
10.1227
10.1661
10.1707
10.2057
10.2925
10.3282
10.3979
10.59855
10.1113333333
10.7477
10.7607
10.8817
11.11655
11.1383666667
11.1683375
11.3277333333
10.476225
11.7077
11.7244
11.7993
11.91275
11.9440555556
12.04439
12.5745
13.07675
13.383325
14.03275
14.2147
14.2836
14.64795
15.9548666667
14.8380866667
16.9606333333
17.7416833333
18.7179357143
14.1798222222
2.34292083333
2.7955
16.1326333333
20.2863
22.5565
22.9597225
26.20101
26.9549666667
28.3877
28.8441888889
28.9877366667
30.147775
30.8678944444
31.9628166667
33.0892730769
34.4785
35.094925
35.3532095238
39.8611261438
41.4514465909
41.48104
42.2225242424
42.2691921875
43.2730709077
44.9035928571
48.3047334586
48.935245149
53.4242901961
56.5277075175
0.0155
0.0167
0.0200
0.0242
0.02525
0.0283
0.03505
0.0437222222222
0.0447
0.0637
0.0646
0.0792
0.0907666666667
0.097075
0.1236
0.13856
0.151714285714
0.15255
0.1808625
0.305426666667
0.359333333333
0.3940
0.4462
0.459694736842
0.491905
1.2675
1.50085595238
18.7041
14.596864
22.0086666667
15.5973422222
1.1750
10.6514
18.9271
36.392325
2.5642
38.42405
0.3799
2.08295
0.0434
0.1176
1.54516666667
0.0136
0.04345
0.0855666666667
18.35085
2.82058
3.1938
5.9502
0.5781
5.86465
44.1533333333
1.3333
24.44955
47.5264666667
12.9738
15.5587
1.6325
2.74065
0.2240
1.3560
2.8858
5.18805
58.1224111111
0.1251
1.2817
1.3367
0.0843
0.1086
0.1452
0.1739
0.178925
0.2528
0.360614285714
0.5259
0.6406
23.0961
1.8113
2.76655
1.0034
46.7416
0.5038
0.63765
1.3676
1.3900
1.59615
2.9002
37.731
0.1766
1.1417
32.98935
0.0206
0.09795
1.1485
4.07645
0.2492
5.47315
0.0534
3.7792
0.0000
0.0003
0.07015
1.3321
1.7445
5.87415
1.2482
9.87805
1.6962
4.4561
0.0174
0.0234
0.1456
0.3228
0.6538
0.0126
0.0643
1.0832
1.2064
9.4934
1.0898
1.36175
0.1087
0.1179
0.1028
0.13955
1.3247
1.4585
32.354
0.0430
44.24175
1.0864
4.8319
59.0071333333
1.5929
1.7542
18.7563
4.2368
27.862075
2.8059
0.5028
1.1371
0.0000
0.0002
0.0353
0.1693
22.484
15.85967
0.1560
0.9768
0.0706
0.1083
0.3972
0.458466666667
1.0403
1.1426
1.24973333333
1.41775
2.66953333333
14.8543142857
8.731596875
0.0282
0.4324
1.5779
0.0000
0.97675
45.0690666667
0.0000
0.318
0.0377
0.90155
0.0070
1.9505
16.0102
2.7139
34.714475
46.6186
1.3010
1.36565
0.0349
3.3846
1.1633
1.25785
33.5696
29.9019
16.5952
27.1506
1.1928
1.64545
0.1932
12.1343
2.6446
40.1578
48.50946
0.0800
9.6246
0.3335
1.1002
0.2389
1.5752
0.0288
10.46305
0.0370
0.19745
1.1104
3.4184
26.8981
0.0148
0.0227
0.0286333333333
0.0000
0.2811
0.6124
0.6136
0.6722
0.7704
0.8808
0.8892
0.8965
1.2976
1.3556
1.4421
1.53593333333
1.6210
10.1002
10.6775
10.7959
12.1903
12.42295
12.90616
19.3255571429
19.8453
13.5417
2.01975
21.41362
26.52545
27.2031
28.5591
4.67515
24.8748777778
45.25946
48.788582
49.7225333333
51.856915
53.8783616071
0.3143
1.0857
1.525525
0.0595
0.2388
1.1667
13.2041
20.79185
16.71798
35.3019916667
0.0860
1.25945
0.0000
0.0
0.0001
0.4241
13.11075
16.5195
17.5296
35.1168
43.8081833333
46.85335
55.22495
70.3370555556
0.1295
0.59645
0.6507
0.83645
1.57474
0.0000
0.0225
0.1848
0.243175
0.31525
0.46916
1.61230833333
0.0148
0.1341
0.289966666667
0.0000
0.0141
0.0328
0.202866666667
0.0272
0.0850
0.1585
0.1676
0.1791
0.1812
0.19685
0.2206
0.292475
0.33125
0.4270
0.508233333333
0.601025
0.65215
0.70294
0.706
0.7804
0.7933
1.20024666667
1.28448333333
10.0677772727
10.943296
20.98548
8.65846538462
0.1163
0.1539
0.5848
1.0502
1.2229
1.4148
1.4232
10.5398
10.9553
11.0865
11.4095
12.38331875
12.720425
14.3439
17.3782222222
19.8884222222
19.42616
20.4111416667
23.980425
27.54634
3.6643
44.8841380952
0.1148
0.6057
0.6155
0.9973
1.0861
1.2874
1.511375
11.1301625
12.4458833333
18.5554875
25.90235
31.6504055556
1.1991
0.0313
0.0962
0.1654
0.4365
0.5934
0.7008125
27.47885
45.0421875
1.9222
18.2518
15.1432
13.69225
13.57958
0.9968
1.18405
0.9583
1.0093
10.6082
2.7157
14.6847833333
15.63305
0.0978
0.1594
0.2006
0.2938
0.349725
0.3896
0.4270
0.4662
0.61885
0.663825
0.6677
0.768233333333
0.80648
1.3043
11.4105722222
4.27965694444
0.0307
0.0907
0.1406
0.0157
0.1628
0.3633
0.41855
0.844333333333
1.0504
1.0702
1.93643333333
15.1300666667
3.5712
19.6229
18.760447619
0.0252
0.2606
0.40605
0.891133333333
11.88546
3.5751
67.1911
64.1421
1.4161
1.2059
0.7305
1.3648
0.1331
1.0814
0.2826
0.2847
0.1520
0.0492
0.6533
1.2254
1.3331
0.9968
2.4621
0.8002
0.9318
0.2509
0.8611
0.4708
0.1151
1.0814
1.1196
71.6463
0.1749
1.18575
0.9168
6.66895
0.7970
1.1594
65.4639
73.4187
1.2232
18.2393
0.0107
0.0688
0.0481
1.2244
1.0369
1.16445
9.8681
1.7427
0.5255
66.9491
0.8703
3.3074
4.2861
5.6737
2.2576
7.1853
0.3549
5.9849
0.0475
4.1597
0.2907
0.8362
2.7571
1.0976
4.5123
13.5629
1.0777
0.2709
0.0632
1.1413
0.2907
0.3047
5.8389
1.2663
0.0000
1.0812
1.8483
0.6778
0.3786
0.2234
0.2349
0.2988
0.329375
0.3614
3.3060
60.9642
0.0221
0.0652
0.0891
0.0941
0.1002
0.1086
0.11935
0.1261
0.146266666667
0.1514875
0.171333333333
0.181471428571
0.206895833333
0.218927272727
0.2459
0.2516
0.2592
0.28435
0.3006
0.3190
0.341475
0.3641
0.3836
0.5359
0.642425
0.6922
0.7146
0.887966666667
0.999429166667
1.1188
1.2363
1.37946666667
1.43448
1.44835833333
1.4516
1.7253
1.77266666667
1.99076666667
15.7187
15.977125
18.4951083333
2.07602380952
24.4125685714
23.1634282353
28.370850974
35.44477
41.4889430556
42.2624528708
0.6654
0.1197
1.0423
0.3277
66.3179
1.0877
0.1444
1.4174
0.0685
7.4207
1.1399
1.7515
0.9686
1.3115
1.1760
0.7429
3.2601
0.6975
5.7940
0.8838
70.6828
2.0172
0.9524
1.0632
0.7504
1.0611
0.1925
1.0795
1.6143
0.0541
0.0679
0.1223
1.1541
1.1871
1.2087
2.9942
3.7283
1.7540
9.7842
0.3844
1.7755
14.7634
0.6067
0.7679
1.0677
1.4161
65.8040
0.0006
0.1595
0.9369
1.75505
0.0192
1.1631
0.9243
0.1745
0.0262
0.6143
1.5585
0.1984
2.1524
10.1860
0.0647
0.0159
40.6393
49.0073
1.2952
2.3442
0.0382
0.2047
0.4423
2.2656
46.1076
0.3034
0.3601
1.03726666667
32.8371
31.17008
0.4364
0.4739
8.5528
0.8929
0.0494
0.0783
0.445133333333
0.55765
23.2219
66.7637
0.7966
1.9399
0.4946
3.5207
1.1803
4.2086
0.4412
2.55195
0.5590
0.0183
0.11265
2.1409
32.3317333333
13.2488625
0.0379
0.2275
0.3372
0.3738
0.4473
0.509325
0.5538
0.68864
0.7724
0.8673
0.8941
1.02645
1.54273333333
1.63852
14.0376722222
7.26250606061
0.9393
1.2411
4.931
40.9475833333
0.1677
0.3381
1.734
0.0239
1.024
1.5098
12.10275
21.8745666667
54.9191166667
0.9220
2.371
1.1711
11.7311
29.592575
7.03075
1.7126
4.2452
2.7305
5.60845
0.0000
0.4928
0.5712
1.4167
1.6339
1.80905
10.2005666667
48.778325
66.05896
0.4166
7.40655
0.7020
1.1266
3.7651
1.3499
29.4242
24.7100333333
1.0246
58.50475
4.3474
7.19405
0.0000
0.45215
0.1328
0.3344
0.744433333333
0.4436
1.1176
1.2554
4.03198333333
1.0036
1.4098
0.7912
0.8503
33.5225
1.0205
1.4738
0.1659
0.9664
1.3737
1.4776
1.688375
1.7959
18.188975
25.29563125
42.44495
36.01465
68.7456
7.5912
0.0362
0.1479
0.39585
0.4191
0.722916666667
0.82696
1.0260
33.53295
0.1091
2.3441
0.0002
0.01225
0.0225333333333
0.0391
0.8514
0.9533
0.1278
0.77105
1.78826666667
6.8337
1.2867
1.50215
10.5835
11.0261
11.0549
11.4360
13.3655666667
15.10965
2.8753
25.60925
41.805125
45.519
36.12925
54.80452
54.82978125
58.5664357143
62.5825529412
10.3698
0.0198
0.19325
1.7741
0.0201
0.3046
0.6195
1.3991
10.0279
12.29275
10.4455333333
12.4284
13.73866
14.7803857143
20.4933708333
27.6938454545
38.3937125
0.0050
0.0086
0.05225
0.1128
0.1697
0.22095
0.24864
0.2940
0.5716
0.76825
0.7857
0.83335
0.8768
0.902142857143
10.2704625
13.26307
2.2614
12.3287125
4.13655
5.25316410256
6.26862280702
0.0443
0.0833
0.2153
0.288366666667
0.444
0.53942
0.815971428571
17.1925
17.9812125
32.01076
1.1408
33.80365
0.4012
35.0023
0.2466
0.40315
1.0025
35.99275
67.7509
39.6985
0.9284
10.001
0.0111
0.0364
69.2545
0.1517
1.67155
1.2764
1.6673
21.820825
1.0626
5.97995
0.8282
35.1327
1.2583
1.5782
1.9356
1.9531
24.7919
38.68145
50.76634
1.7881
1.79265
0.2168
69.66095
0.2945
1.9482
0.2748
2.4005
0.1364
1.6388
1.3786
2.57545
1.1403
1.52435
2.4851
0.9113
3.8861
0.9769
3.0602
0.9493
65.1548
1.7783
1.2129
2.5052
1.2779
0.1701
0.8802
1.4119
1.65945
1.93195
19.0460777778
14.6285333333
21.6065571429
24.4362
35.36894375
37.85498
49.22915
0.0515
0.2122
0.57475
0.71285
1.5037
14.6133
16.7910833333
27.7373714286
1.5373
6.62135
1.2754
1.3967
1.4765
23.0956
36.10165
38.3455
38.852975
57.074455
1.2515
1.4122
1.5976
10.2206
12.2077
12.4092
13.1644
14.47465
14.8267
17.36475
19.57611
2.9294
20.08705
21.81115
33.6736142857
40.1086466667
41.2820625
1.6250
0.1196
0.5512
2.21366666667
3.238375
0.0003
0.01165
0.0212
0.2385
0.2770
0.3237
0.0286
0.2549
0.1379
0.0588
0.32185
0.5182
19.2577666667
0.0229
0.4680
0.53595
1.58053333333
0.5434
0.5550
0.69325
0.98855
1.26342
4.1929
0.0141
0.0180
0.411375
0.4577
10.885375
0.0115
1.2247
0.0000
0.00425
0.0085
0.1665
1.4556
40.010075
1.1924
3.92245
0.0197
1.2927
2.4521
62.8690166667
0.7629
35.44985
27.2778
0.0111
0.0783
0.245925
55.84315
0.0822
0.1061
0.2282
1.01445
0.2264
1.05775
3.3453
52.8939
0.1454
0.3342
1.2356
3.210175
0.0421
0.0513
1.26745
2.92905
33.0573444444
0.8211
2.70915
0.2463
0.80035
15.5011
10.72945
24.2482555556
0.0339
0.0705
0.56575
1.2974
0.0145
0.0274
0.8806
2.31475
44.2008333333
1.3602
1.6907
4.77916666667
0.1613
0.57505
1.1677
1.3915
0.6574
1.2998
1.4431
1.7066
2.33705
14.7377
1.2347
70.93585
0.3613
1.9885
3.0087
34.25315
42.0562222222
59.94865
0.5403
0.65365
0.1282
0.2068
0.234425
1.3602
1.8111
21.7933
35.7816
74.46832
0.0241
1.02365
1.1204
14.0679
1.4070
0.9663
6.7135
0.0771
1.47055
0.0000
5e-05
0.0497
0.1344
0.161633333333
0.3912
1.21435
1.3055
10.1720
13.7232
20.1136
33.4274666667
42.9182714286
0.4903
2.6114
4.6319
1.1710
0.1402
0.2191
0.0006
1.9397
1.3738
1.8931
0.3544
0.51095
0.0001
0.0196
0.0391
0.0398
0.0492
0.0530
0.0551
0.0714
0.104733333333
0.1089
0.134966666667
0.1512
0.1745
0.18485
0.213075
0.28195
0.28494
0.30065
0.383623333333
0.39025
0.4073
0.4387
0.466733333333
0.484566666667
0.6069
0.64
0.6916
0.699688636364
0.9039
1.371075
1.402175
1.42536666667
1.8275
10.7396
13.4117
13.5637
14.9808
18.6416823529
19.1123333333
19.843112987
39.026337037
35.5254611842
1.0634
1.2599
2.5504
7.1985
1.0634
16.5443
9.3564
1.1594
1.2103
0.3352
1.4201
1.5497
8.5900
1.1431
0.1486
3.0772
0.0416
1.2389
0.4347
1.0295
0.0101
0.0328
0.0951
0.2825
1.5307375
3.17261666667
0.7656
61.5579
1.0135
10.9574
9.5571
1.1655
1.2060
1.2669
0.9326
1.1285
0.4380
0.1999
20.5578
1.0523
0.4119
0.0439
2.7875
74.3954
0.2332
0.4047
0.0506
0.0730
0.0853
0.3988
0.4826
0.9086
1.4780
13.4268
18.93875
20.829225
24.42532
32.6038833333
0.1277
5.2427
1.5277
1.2376
0.0197
0.0522
0.0000
1.6863
1.3003
0.0000
38.0587
0.0058
0.1642
1.5314
1.1102
0.0967
0.0474
1.3641
0.3018
1.1575
7.8022
0.4846
0.9296
2.4199
2.3490
3.5895
1.3192
63.41225
0.0882
2.21515
0.6729
3.0763
22.211625
0.0054
0.0636
0.940633333333
0.9858
31.100175
12.80029
1.0125
1.0714
0.9904
3.6867
2.3501
2.1358
3.1347
0.2217
3.0691
0.0798
1.3746
0.2465
30.7379
0.4513
1.1814
1.0544
1.1490
6.2898
5.8400
1.9286
1.2420
0.2366
0.3421
0.37355
1.35275
0.0195
0.2928
0.322066666667
0.3924
0.68585
3.29955
1.0497
2.7873
0.9341
7.5462
0.8445
1.2479
0.3435
0.4299
0.0494
0.0001
1.6328
1.4239
0.9981
3.0121
5.6179
70.2840
0.9774
0.7590
1.05
0.5842
3.1486
18.4966
31.5574
1.1899
23.6886
1.0944
11.4646
1.3044
16.1932
41.74725
2.4989
6.4171
0.1828
0.19875
13.2216
0.6124
0.7706
0.871466666667
0.1054
0.14275
1.6541
0.1339
0.7318
0.7824
1.0956
1.567
10.1161
11.0990
12.0660
12.55335
12.8368333333
13.6483875
13.2626333333
13.845
18.6469
24.24705
30.0131625
31.3655214286
40.969095
2.4823
65.0252
2.5418
35.12915
2.3858
2.7833
1.1017
12.8537
26.3472333333
0.0298
33.2829
0.7360
0.9713
0.9912
0.0490
0.1115
0.45575
42.0839333333
0.1905
0.1921
0.2388
0.254975
0.2652
0.389525
0.5368
0.54192
0.6536
0.724033333333
0.797258333333
1.1808047619
1.44359230769
1.78770714286
0.0000
0.0002
0.0266333333333
0.03385
0.09268
0.5768
0.7281
1.4785
1.8949
10.78045
14.7863
19.5425
19.985
2.42895
13.1854555556
14.3264
34.4683809524
36.5999538462
48.8284857143
0.0949
0.29495
0.560233333333
2.864825
0.1025
0.20975
0.2955
0.4747
0.517177777778
1.27935
1.5066
13.5936571429
17.5964
28.79845
0.0184
0.1031
0.1193
0.1556
0.19495
0.4329
18.737625
22.2879
13.05405
1.0003
1.5313
1.7575
12.4814
23.67945
10.96564
0.2951
1.1999
1.35135
1.8672
26.1370333333
4.50479
0.8524
1.0501
1.850425
1.7109
56.31475
1.4809
42.10325
0.0664
1.68055
0.8599
1.8636
36.6385
51.75725
15.2754
36.7708
10.2783
4.9611
0.8800
2.50105
5.38376666667
0.9777
1.17425
1.5744
5.77325
0.0571
0.1649
0.0484
0.0773
0.302966666667
1.1444
19.9476
42.1027666667
24.955175
1.0805
43.5555
0.0373
0.0428
0.056
0.228775
0.3475
0.7747
0.0543
0.1409
0.50295
0.7018
0.815316666667
0.90653
0.3092
1.0893
1.4336
4.8793
6.9541
0.0303
0.0368
0.0424
0.06355
0.113166666667
0.173891666667
1.20192857143
2.4499625
0.0193
0.04355
0.8844
1.3412
1.49945
0.2028
1.2255
10.8445
15.8215
15.7316
28.21148
0.4882
1.2058
1.391275
0.0506
0.10495
0.2137
0.362466666667
42.3791375
0.0088
0.01435
1.0763
1.1215
1.9423
11.88865
30.0668833333
40.2198
53.2615133333
67.8174875
0.8749
3.15975
7.4537
1.1221
1.4881
1.5251
35.3509666667
1.0217
1.3282
1.6777
2.6140
20.932425
14.8417333333
0.0180
2.6594
0.9622
1.1340
7.9516
0.7074
1.1042
1.3465
2.52383333333
1.1790
12.26
11.1022333333
17.2468
18.67655
3.2608
30.5022666667
45.38414
62.8331333333
0.2653
4.21705
0.5504
1.1307
1.2354
1.38115
1.8543
1.91455
1.96686666667
17.59025
17.3810333333
10.2868333333
26.3345142857
40.1733166667
68.3476230769
70.4731928571
0.1663
1.57355
1.7149
35.2848
53.1462
1.1406
3.423
72.5453333333
1.4114
1.59135
0.0179
0.0455
0.1309
0.1499
0.21625
0.2989
0.357766666667
0.432825
0.4506625
1.2675
1.79968571429
10.8207575
0.0361
0.0498
0.0579
0.063
0.0671333333333
0.0686
0.092
0.11035
0.1403
0.1427
0.1475
0.1628
0.1700
0.1737
0.1837
0.2079
0.2127
0.2262
0.23155
0.2452
0.2547
0.2649
0.26665
0.26765
0.285783333333
0.2894
0.2948
0.3079
0.3299
0.3378
0.373766666667
0.4279
0.4416
0.46745
0.46925
0.4712
0.4763
0.504164
0.5168
0.51708
0.525725
0.5337
0.5359
0.5384
0.546633333333
0.57949
0.596775
0.601
0.6507
0.6605
0.6844
0.706225
0.7494
0.7807
0.7908
0.81725
0.868708333333
0.932925
1.02376
1.11079047619
1.1431
1.14783
1.2009
1.2316
1.30252857143
1.35655555556
1.49847
1.55308333333
1.56036363636
1.67143333333
1.68340952381
1.70305
1.93881666667
10.581625
10.1697388889
10.5920197802
10.77059
12.1863421053
12.3002657143
13.7202871212
14.375133125
16.77242
10.06058
19.0496785714
17.7345330729
20.4760304348
0.0000
0.0002
0.0168
0.02735
1.1455
1.3719
1.4184
23.78755
30.8492
62.0636416667
0.0483
0.4175
0.1537
0.8419
19.4741
35.2002
0.0818
5.40155
0.9550
1.0329
1.73655
0.0002
1.37335
5.07266666667
0.7336
0.8766
1.1101
11.2892
10.41805
13.99935
32.3439285714
0.2372
0.2477
39.9136
40.273325
1.8158
6.8562
0.7534
1.069
0.0000
0.00495
0.0975
0.3143
0.71305
1.45625
1.52866
58.351625
59.1338555556
0.7368
11.33395
45.7596666667
1.1594
1.85625
0.9459
5.38675
1.1990
1.97685
23.0451
7.0255
8.5988
0.3157
2.2061
61.6061
0.0890
0.0968
2.0996
18.9335
0.6305
0.0431
0.0590
0.0946
0.6305
15.1735666667
38.085725
20.65542
1.1390
0.9493
1.3561
43.175875
62.9718
1.5192
1.5148
1.3008
0.1622
0.6520
1.1955
1.4236
1.3572
1.6569
0.7780
1.2277
0.9435
1.1827
1.1854
0.7579
6.1319
1.6859
1.5017
2.8303
1.2052
1.1191
0.5389
0.3551
1.4032
1.4250
1.3334
0.0985
1.3012
0.2944
7.3590
1.4188
1.1480
2.6476
5.6217
0.0040
0.2228
1.2534
1.3042
13.66905
18.932175
20.39078
23.9470166667
1.8629
1.1287
34.0719
0.9905
0.0800
2.31425
0.5928
10.7017
9.67805
1.2357
0.0240
4.9081
0.1168
1.5014
0.9204
1.2387
2.3964
0.2488
0.0553
70.6073
0.9764
4.4467
1.1487
0.1923
0.5898
1.0749
1.1322
1.50475
0.0001
0.07225
0.5971
1.6486
2.66253333333
0.3614
1.3312
1.0388
16.3607
1.6009
7.6433
0.9540
3.0326
1.4388
1.585
22.3003
14.2087
4.4435
56.013725
1.0154
2.49665
0.7175
0.1416
0.69935
1.5500
1.7810
18.37755
34.40913
49.0624571429
1.0860
0.1743
8.9925
0.0129
0.3769
1.3766
1.4572
0.0474
0.0386
0.6004
0.8516
0.8862
0.2517
3.1589
65.2235
2.0216
0.4405
0.2673
0.2684
0.0003
2.3989
0.5575
0.2452
3.0536
10.0940
0.1308
0.0387
0.6428
0.2478
1.0997
0.0511
0.2023
0.3762
0.5649
0.71275
0.7172
1.19215
20.5585
16.5412083333
1.1400
4.2491
0.9923
18.82005
25.0329
0.2436
0.5007
0.0001
0.0620
0.1152
0.2229
0.2438
0.29565
0.32828
0.608616666667
1.56263333333
14.6671714286
4.193140625
0.0226
0.1337
0.1426
0.460375
0.5802
1.3797
1.55055
0.0003
0.0124
0.0460
0.0464
0.0558
0.0661
0.06995
0.0798
0.0816
0.0825333333333
0.0989
0.1046
0.1051125
0.107025
0.1130
0.132375
0.1351
0.14835
0.1567
0.1952
0.2258
0.2304
0.24879
0.33628
0.45939
0.6043
0.729091666667
1.08825714286
1.10194285714
1.46582857143
1.6464
10.480225
12.2110166667
15.5068117647
16.6663284211
13.7949866379
0.2786
0.5436
0.8243
0.897025
1.1569
2.31275
1.5012
1.6791
1.7811
0.0450
0.0236
0.3611
10.5556
0.0002
0.6552
10.4882
1.0252
41.7494
0.2244
1.0041
1.1678
1.46185
0.3203
0.4533
0.6539
0.768
1.23466666667
1.90466666667
17.77074375
0.2106
0.2511
0.731133333333
0.1482
0.34025
1.0375
0.1037
0.768
1.17713333333
2.0544
73.9853
0.2938
0.8923
1.2978
1.3577
12.3145
13.3697
23.9982
27.9319
29.307525
60.7476857143
1.5765
11.4584
2.0860
35.18035
26.8936833333
31.25368
0.0311
0.0688
0.0843
0.1206
0.1447
0.1916
0.1922
0.23395
0.29615
0.3333
0.3373
0.39895
0.5285
0.5417
0.5701
0.5763
0.6296
0.703
0.7970
0.804633333333
0.8877375
0.9420875
1.0063
1.02416666667
1.1615
1.337625
1.4812
1.8159
11.57775
11.8639916667
16.8987777778
18.6570923077
19.216725
29.65585
24.4495769841
38.9290125
50.2085829493
1.5550
12.78215
13.5264
31.7843166667
1.0681
1.0732
1.6442
19.40705
2.2842
20.451125
21.965025
35.49785
44.5182933333
54.2478833333
0.0339
0.3342
0.460675
0.9333
4.50345
1.0114
1.2324
25.8353
20.497425
1.1794
5.5286
1.1986
4.8069
0.0191
1.1319
0.0148
0.73585
0.0377
0.0731
3.7623
0.0318
0.0422
0.211275
0.3724
0.8453
1.078875
1.4983
1.83865
12.3772
14.57435
21.51515
32.5261285714
44.32535
0.2694
1.4823
12.4445
17.2996
2.8891
19.22615
30.0334125
28.1269166667
39.19059375
1.0874
39.60255
2.0748
1.3820
1.0370
1.2386
18.9805
13.22205
29.9147888889
0.1350
1.4497
1.9311
1.5138
38.6848
70.2953333333
1.1019
6.33
0.5036
1.0755
1.533575
0.0254
10.1077
0.0383
0.0557
0.1583
15.2904
56.9842
0.1517
0.2994
1.0063
1.120125
1.6049
0.3651
0.7356
0.834175
3.6131
6.4161
0.0727
0.1449
0.58225
1.1121
3.49665
6.3918
36.04055
1.0444
1.2672
3.7629
6.4328
0.0312
1.3461
26.0076
41.066025
59.47415
1.1415
1.3239
1.7599
7.5875
0.8594
4.30485
61.5695
0.9210
9.3157
1.8588
66.3737
70.1572333333
0.0332
0.70185
1.5882
1.7368
11.95655
2.79908333333
28.8471
0.8269
5.4890
8.474525
1.3307
4.46255
0.9313
0.8592
0.97805
0.0295
0.1085
0.1605
0.249833333333
0.348775
0.69112
0.79155
18.3748111111
0.1671
0.8112
0.3013
2.9997
0.0001
0.8008
0.0000
0.0001
0.686
0.3114
1.1919
1.22175
63.5800333333
0.9116
1.99595
0.9645
37.04335
4.3502
30.07855
8.3486
1.2033
0.4552
0.1717
0.1912
0.23385
0.4911
0.56775
0.777677777778
0.900216666667
0.936014285714
1.0215
0.0331
0.0364
0.054
0.494966666667
38.69562
0.0361
0.0504
0.062575
0.088
0.16594
0.3334
1.1607
14.953575
0.0765
0.2112
1.51333333333
19.898975
0.1505
0.4635
0.1135
1.28505
0.0000
0.0417
0.482266666667
0.0274
2.2912
1.0398
3.1403
43.8711333333
36.05115
1.1545
21.6516
37.4129
28.0937166667
58.58948
1.1336
2.5402
9.41035
0.0145
0.0346
0.5208
18.3147
0.0000
0.0557
1.1268
7.1015
0.0201
1.03805
0.4995
0.2774
0.0002
1.2427
0.0871
2.0900
0.6509
1.0544
1.2651
0.3126
1.8655
3.3216
0.7843
0.2508
0.1984
73.0272
2.2222
0.0502
0.1038
0.9489
0.5741
0.7351
31.97195
0.1135
1.9012
0.1416
0.4401
0.7444
1.1307
1.2474
0.8812
0.4802
0.4889
0.6556
1.6951
0.8568
1.2417
10.9478
1.7004
0.6690
1.1199
1.9123
2.84785
0.1547
0.2078
0.0123
0.0613
0.2895
2.4472
2.1303
1.0277
7.5527
0.0094
0.0150
73.5077
16.5162
1.5410
6.3477
2.8632
0.4720
0.2827
0.2832
0.47745
0.3925
1.2159
10.4068
26.7305666667
34.2392875
50.8942666667
1.7318
0.1098
2.6764
1.1491
0.9592
0.0882
0.2122
0.1887
0.0412
0.9341
1.7059
0.8922
1.0377
1.5457
1.5023
0.8576
0.2596
2.3820
0.2574
0.6949
0.0168
11.66925
27.1641666667
0.8884
0.9943
31.5967
0.1126
0.38195
0.0575
0.36465
0.9227
0.0148
0.17225
0.0176
9.64725
0.8980
34.27065
0.0165
1.81715
0.3040
0.0398
0.5392
1.6274
11.2470
1.8383
4.2193
0.3886
1.4119
14.3470
1.2117
1.3888
13.6694
18.513775
6.2737125
55.0688
0.0001
0.1891
0.8275
0.2273
0.9670
1.0522
0.1646
2.1464
59.2844
0.8407
1.7321
61.7272
1.1473
25.1160
1.2139
1.2538
0.3831
1.0863
1.1634
1.4258
65.9316
9.0717
1.3161
0.0002
1.0549
1.8090
62.1235
0.7629
0.0201
0.0420
0.11715
0.382766666667
1.10156
3.1319
0.3230
16.6527
32.34825
0.0060
0.01915
0.1499
0.231733333333
0.32205
0.661433333333
41.5163428571
0.0094
0.01535
0.0200
0.0709
0.1851
0.287
0.3568
0.643016666667
1.02279285714
1.67112222222
0.1235
0.26125
0.4829
0.5090
0.564
0.629575
0.646971428571
0.761575
0.0147
0.0367
0.0403
0.0578
0.0664666666667
0.084275
0.101366666667
0.115
0.156055555556
0.19489
0.700418181818
0.965158333333
11.3228230769
14.1763071429
0.0865
0.4421
0.0541
0.1242
0.9543
1.0186
1.1475
1.1643
11.7238
12.1966333333
14.0706
13.2587571429
15.3723
12.9094333333
19.5044
32.07355
36.99525
30.7620703704
56.7180854167
11.8802
0.3134
63.0773
1.7299
0.3537
0.2484
0.8323
0.3297
0.0210
1.0541
0.0259
5.3762
1.2193
0.0212
0.6346
0.4579
8.0320
0.0635
0.0881
0.1194
0.17845
0.6486
1.4361
1.50055833333
1.6882875
0.0003
0.0320
0.03525
0.0364
0.0527
0.0981
0.1207
0.138875
0.222221428571
0.2826
0.8946
8.5221
0.0272
0.0353
0.0802
0.0855
0.1055
0.1084
0.1330
0.1494
0.1538
0.211
0.228275
0.3061
0.3695
0.3708
0.38255
0.393166666667
0.4574
0.506533333333
0.549083333333
0.5808
0.59895
0.5994
1.0964
1.1128
1.24595
1.41695
1.828825
1.9886
10.1672
10.17225
10.2214
10.2236
10.48585
10.6884666667
11.0141
11.7367
11.7395
11.74642
11.80905
12.6679
13.3654142857
14.526025
17.5871
16.2598833333
13.3787666667
18.2444222222
18.684575
18.8264625
18.839775
2.68922222222
20.1085857143
22.0866
22.84233
26.4504
27.59369
32.3398638889
33.6978045455
34.2997571429
36.8004777778
39.1705858824
40.7201478571
46.0684823427
0.0150
0.03215
0.0480
0.0807666666667
0.1231
0.187125
0.4754
29.671445
1.0614
2.20995
19.8223666667
0.0001
20.0590
60.28505
0.2832
0.4212
0.0813
0.1264
0.1777
0.2483
0.34665
0.368975
0.8754
1.1985
1.54433333333
1.68015
1.886625
1.93475416667
12.4952333333
13.3498636364
7.88226666667
0.4540
0.1478
0.6122
4.2120
66.1218
7.8991
1.2952
0.6916
2.3168
0.1925
0.3760
5.9090
10.3860
19.4772
1.7695
0.3812
0.4761
