0.9942
1.2541
61.9338666667
0.0000
2.6573
0.0717
1.669
0.2924
0.8802
0.6386
16.0637
25.955225
0.2053
0.96755
0.0786
1.0051
3.8391
24.66735
1.0225
2.51255
1.3474
4.1748
0.5613
1.0068
0.5368
5.18055
1.0344
4.3822
66.3405
10.9036
36.231
29.5563666667
0.0147
1.6173
40.1387
0.2049
0.3665
0.6610
0.2109
0.71625
0.0000
2.5791
0.0988
69.3785
0.3954
0.1238
0.4676
0.5891
29.89565
3.3466
0.0451
0.0486
0.152075
0.8512
2.260625
0.3045
0.62185
1.7688
19.8514
0.1488
0.1872
0.8528
0.1595
0.9849
0.1550
0.1977
69.3853
0.0176
2.3312
0.0000
0.07215
0.0603
0.5653
24.2134
0.8777
0.0504
2.6763
11.5030
7.1009
1.1634
2.6944
33.71335
0.2223
0.2869
0.696025
0.8456
3.35238
0.5677
0.8833
44.947625
0.3114
0.1184
1.03225
3.70953333333
0.2537
0.1833
0.5578
0.694066666667
1.64545
0.0000
0.6468
0.2809
0.2369
5.6967
32.8774
2.6426
7.07065
0.6923
0.5026
1.53165
69.9876333333
0.5422
41.59665
0.1346
0.5406
0.2369
0.85055
0.1208
2.9468
0.6259
15.1024
37.43425
0.1245
40.0261
0.0634
0.2191
0.7022
3.26756666667
55.2584125
60.2929166667
0.1476
0.1502
0.296025
0.6565
0.7365
1.3736
0.8290
1.19905
0.3708
22.9132
45.2106
0.9674
6.0614
1.5557
0.0804
0.1047
0.28465
0.5329
0.7830
10.3252
18.79985
45.5999
36.0792625
45.9477
64.1018666667
0.5396
0.6126
0.88715
1.23803333333
22.631775
0.0240
10.40915
29.6053
23.918675
0.4996
5.3035
13.5759
66.4138
4.8867
34.96675
0.2411
0.81495
4.05486666667
0.2710
0.1901
0.0000
0.4349
1.8287
0.2609
1.0570
0.6942
0.6272
0.6871
2.54035
25.4061
67.42864
0.4098
66.5645
38.849325
0.2537
0.3371
0.0000
0.0689
0.1204
0.2027
0.356866666667
6.60422
69.2567
0.7576
0.0000
0.0014
0.0547
0.2244
0.3156
0.6169
0.7228
0.8915
1.9661
11.6771
12.82575
21.3764666667
27.15365625
29.2213833333
31.5592375
34.40557
39.464912987
52.7317833333
54.1596526316
0.2747
0.8480
5.4327
0.4358
0.4988
0.2240
0.0890
2.0470
0.5909
1.06785
0.0686
0.0774
0.198675
0.0495
0.0499
0.160425
2.3905
8.34244
0.0000
0.0000
0.1618
0.0156
0.3495
21.145775
66.5415
0.0000
0.6468
3.55215
0.6493
0.6893
0.1169
0.7381
0.6466
0.6352
0.7477
0.0280
0.0000
0.1168
0.75365
1.29713333333
13.6843
24.2918
15.9871416667
44.2925428571
1.5679
3.64965
1.6886
2.3871
36.444275
0.4695
0.4434
69.5678
1.3622
0.1795
0.0851
0.7172
1.6213
0.3066
3.1799
0.1744
0.1775
0.4314
1.6169
0.3826
1.0535
0.1353
2.6174
2.0742
0.4593
42.6678
0.0557
4.3484
2.4510
63.0801
0.4234
0.3482
5.11745
0.0000
75.1712
0.0850
0.0000
0.1087
7.5174
0.0810
0.1849
0.6910
0.0000
20.1879
0.0000
0.7334
0.6072
0.0000
0.2945
0.1237
0.3034
0.1248
0.7614
1.4289
0.0129
16.0226
0.1623
0.8625
0.5711
65.1204
0.2979
0.0000
0.0222
0.0563
0.1313
0.1315
0.2490
0.2798
0.2909
0.3341
0.4658
0.8024
1.0385
1.1713
10.6358125
12.4645333333
13.7011
14.96855
11.60225
17.1415
17.39095
18.6590
24.6401625
14.2584666667
25.85831
26.7395714286
30.4926244444
35.8954
39.1458776316
39.8012407407
1.4289
0.0000
0.786
0.4899
1.20265
0.0000
0.0000
0.1859
0.7756
1.0885
1.75115
0.2816
0.1084
0.1821
0.1974
0.406525
0.6849125
1.2204
81.2593
0.2924
0.5887
0.0000
0.2233
2.4409
38.0974
0.3720
0.1534
0.2005
0.3159
0.1283
0.7681
0.2061
0.1590
0.6086
0.6213
0.71635
1.63723333333
47.9072375
0.3433
0.9731
0.5689
0.7300
4.6531
2.6691
0.2740
76.2922
70.4948
2.6288
1.6975
0.1683
2.2845
0.9610
0.3120
0.0300
0.1745
0.1889
0.3682
2.83383333333
0.3225
0.7449
10.42005
4.845775
59.76812
0.1048
0.67445
23.787
0.1350
66.01075
0.0000
0.0000
0.0000
0.0056
0.0485
0.2831
0.3297
0.3465
0.63385
0.6377
0.7028
0.8407
1.0031
1.003525
1.0988
1.1608
1.4564
1.46426666667
1.4976
10.2071
10.02204
10.325975
119.20455
13.0666
13.250675
20.41735
20.0881888889
24.90305
25.5072333333
25.65445
29.6138738095
29.8896944444
39.9328692308
47.5157576923
47.7099665025
0.0440
0.0446
0.0585
0.08915
0.7128
0.845875
1.29255
0.0338
0.3629
0.76075
0.877
2.178675
53.19338
0.0929
0.1037
17.76345
51.5864
28.9504
65.29255
0.0000
0.0000
0.1787
0.93635
0.0565
2.5903
5.70003333333
0.9954
1.87355
10.8603
32.0109
43.5613888889
0.0186
0.50645
3.3616
60.4537
0.9996
1.0165
1.3641
13.633
20.0387
3.4349
32.588925
38.8654142857
0.2260
0.3689
0.83785
0.2033
0.7184
0.0821
0.1555
0.8449
18.178225
56.09748
1.6360
0.3320
0.6550
0.3911
0.1267
3.5787
72.8600
0.1138
0.2642
1.2355
0.9206
1.89435
0.3294
0.6759
0.7823
24.8877
35.382625
0.2393
0.2613
11.8212
22.82455
25.789125
51.03484
47.6586285714
0.2824
36.62735
0.2306
0.8706
28.495875
0.8976
1.2916
23.20515
0.1396
0.1607
0.1623
1.3618
10.07485
2.22215
2.4624
15.93075
23.2423444444
17.0766833333
29.0059714286
36.99816
1.4133
1.6913
13.3398
15.67595
18.0444
2.7244
26.5596166667
44.8324833333
49.251488
0.3261
0.3439
11.7796
16.3771
19.589175
34.39628
0.1392
0.2591
0.98775
0.0263
0.36245
47.2462333333
0.0652
2.37
0.0559
1.18005
0.1970
0.3498
0.9664
3.10213333333
31.6101
48.4657333333
0.7299
37.34705
28.8238333333
10.2973
37.0952
0.7700
1.1386
23.43385
0.1723
0.77175
0.0000
0.4228
0.78655
11.324125
0.2047
0.3301
0.38815
1.29936666667
1.4234875
0.1453
0.4261
0.8306
40.25145
0.7579
15.5617
10.7136
12.66095
0.0001
0.73405
1.6870
19.58245
26.3769
0.2483
0.5475
0.6390
0.8098
0.8695
1.4565
10.488825
10.5964
11.1747
13.2158
12.67195
14.3632
14.98135
19.357825
20.8664166667
22.99235
23.15425
26.4842428571
33.5970185185
38.0832716667
40.2127894118
3.3399
44.5534
46.367275
0.1920
1.7756
3.445775
1.4100
1.8884
30.972475
0.0609
0.5948
0.8684
11.4181
13.04595
27.8002666667
30.0427
46.3086055556
47.9762888889
1.0345
37.4837
0.2222
0.71005
0.2975
64.3038
0.3738
0.4110
0.92135
1.49725
25.7672333333
0.5140
61.20425
1.0083
2.1525
23.170025
19.2046
0.2599
0.9947
0.1042
0.1309
0.224775
1.6061
1.6540
2.67065
17.574
7.1994
67.5224
69.1469
1.4982
4.1487
0.2458
0.7286
0.2181
1.74685
74.2663333333
0.5919
1.9008
2.71556666667
0.2684
64.7565
0.2129
68.00805
0.0711
0.0738
0.155075
1.0034
41.2309
11.2862
10.0218
0.0000
0.1158
0.2331
0.8459
0.93585
46.835
77.5531
4.3021
0.2690
0.6261
0.4251
0.5092
0.0857
0.4722
0.0442
0.9580
3.8246
0.0117
0.3582
10.522475
17.627825
3.5955
73.4693
0.1294
0.82655
0.8608
2.1226
31.0344666667
0.2466
0.7759
0.8364
0.8125
0.5526
15.4304
12.99405
22.03065
22.82194
0.8781
1.72755
0.3353
0.73185
76.6083
0.3757
0.63965
4.1834
7.08355
0.4669
0.72635
0.0237
45.3585
48.1877333333
59.23915
0.5812
0.0344
62.6888
14.6415
0.2390
0.1930
0.2187
0.8913
52.8629
0.0000
0.0
0.1751
0.0000
0.1175
0.670633333333
0.3223
1.1475
2.26973333333
0.0907
45.0224
0.3063
0.50175
1.2721
45.58705
0.0000
15.77525
67.7164
70.95955
0.1131
0.3195
0.757325
2.0979
27.15745
0.1892
0.2393
0.7192
1.1876
64.9469444444
71.7798
0.2389
0.69645
5.3975
39.7012
3.8682
1.7147
0.2840
2.10785
0.0219
0.0660
1.17415
12.29055
31.59238
15.0814333333
64.5965142857
0.3010
0.7832
7.37266666667
0.0000
0.0000
0.1142
0.2699
1.13335
2.1483
3.56851666667
0.5046
3.40595
0.0000
0.0
0.0
0.0484
72.0667
3.2901
0.0000
0.0000
0.0003
0.0000
0.0
0.0
0.0000
0.0000
0.226
0.0000
0.0000
0.0000
0.0000
0.027
0.0375
0.132925
0.48885
12.3795888889
12.95331
3.26660909091
5.2207
1.0928
9.8160
0.6426
0.8741
0.6944
0.8974
1.5404
80.1735
0.1714
1.0830
1.0417
3.6167
0.6721
2.2939
1.0796
2.5291
0.9683
7.0618
0.0749
0.59025
16.7672
0.3419
0.2128
0.2875
0.5254
0.6406
0.80985
1.20155
1.4619
10.8228
11.1907
11.8413
12.3784
13.0703666667
16.5283125
17.1631333333
20.170325
19.1818
31.4348166667
41.3139785714
46.4387486111
53.4001882353
63.1067904762
3.0009
0.7409
0.8334
1.2063
10.9242
22.3703666667
22.123625
34.00325
41.93095
2.4457
0.6664
0.6774
0.1281
0.1286
0.0727
0.6597
0.0000
0.0766
0.0165
0.8401
0.3596
4.1531
0.7252
1.12605
24.0918333333
55.498475
1.0208
1.0903
6.9360
60.0939
0.6145
0.1175
0.2386
0.0231
0.7622
1.1345
0.2424
1.3197
0.5780
70.8018
0.2332
39.9461
0.0000
0.0275
0.0746
0.0776
0.13335
0.7561
27.1182333333
39.24725
47.5051
0.0902
14.0695
2.098
48.29225
0.6715
0.1448
0.3431
0.6199
0.79035
77.8294
0.6559
2.1638
0.2338
0.2703
0.3145
0.7354
25.1007666667
43.2827125
1.0387
0.6780
0.0000
0.1659
0.2782
11.5281
0.7247
0.5022
0.0346
0.2562
0.6865
0.5249
0.3316
0.1766
0.0965
0.0000
2.6378
14.1743
0.3822
0.1019
8.7627
0.0000
2.1988
0.7614
1.1395
5.1865
5.7478
2.6398
0.0001
0.01435
1.32416666667
0.2341
0.5943
0.0875
0.4914
0.609625
0.6493
42.829175
70.38178
0.0000
0.0051
1.29145
10.6176
15.7003
29.8804222222
48.39335
0.2568
0.5779
0.2843
0.4034
2.46475
0.2174
0.0000
0.1159
16.2261
0.2385
0.0000
0.5258
0.4356
0.0000
1.5154
0.0000
0.1857
0.524733333333
0.0000
0.1240
0.7025
2.0319
21.4326333333
23.1978
0.3145
1.6845
0.9256
0.8510
0.2018
0.0000
0.4915
5.0019
1.4546
7.8343
0.2996
0.47405
2.1110
0.2279
0.4958
0.6457
12.1336
63.6689166667
0.2730
0.6152
17.8603
20.3656666667
0.0421
0.9169
1.7122
2.05746666667
28.2416875
0.0000
0.0083
0.1041
0.8158
0.929875
20.99815
14.1089428571
47.0453875
0.0258
0.5534
0.6475
0.66705
1.0703
25.6065166667
63.9582266667
0.1832
0.548
2.22243333333
0.3064
0.6764
0.7331
38.09295
64.9081
0.0384
0.2402
0.571333333333
0.0000
0.551
0.0000
0.6561
0.0051
0.0517
0.9154
35.4863333333
3.6151
67.42
0.2720
0.1778
0.89605
0.9300
1.3763
1.911425
0.5159
0.90925
1.3169
2.03546666667
0.2750
0.56585
0.1613
0.5772
0.6598
0.4923
0.2213
0.0676
0.1022
4.3288
0.5515
0.0401
0.1275
0.4979
1.2704
30.7175
43.8438666667
36.66205
0.2846
11.8943
0.5833
1.1703
0.2190
0.4171
0.47345
0.6976
2.31593333333
3.27633333333
0.2068
0.7535
0.6337
0.82585
1.5165
2.1292
4.238825
16.5026833333
0.0829
0.5085
0.0598
0.1292
0.0496
9.2106
0.3017
14.5545
1.4678
12.40255
0.4887
0.6838
0.2246
0.41085
0.4560
1.0293
0.7316
6.9621
0.2692
1.0291
0.8469
38.8815
2.8616
37.46865
0.0350
0.7581
0.960266666667
0.0000
0.0
0.0197
0.1748
0.4512
0.87375
1.2678
1.3082
1.43516666667
1.8553
10.1168
10.1826
10.0478
10.5663333333
10.8690
11.03695
11.6166
14.46235
14.513825
23.076675
25.5193666667
26.70585
23.4322791667
28.9664433333
33.99225
41.06153125
46.494643609
52.5306487179
0.3840
0.47485
3.93213333333
0.1336
0.4671
1.3732
14.0589333333
11.824425
23.21635
31.1186428571
44.659625
0.1674
0.5855
0.58705
0.754666666667
1.2835
23.449425
39.12556875
10.4717
2.1377
34.703575
0.3128
0.7271
0.8347
11.2635
16.9158
17.5786
26.2643833333
34.1873
44.0652333333
0.1974
1.15395
2.28913333333
2.5597
12.3682
0.2961
4.0206
0.0691
0.7049
0.6306
0.0002
0.53945
0.2528
1.2095
2.545325
65.58675
0.1768
5.41785
1.3579
11.753
24.0595333333
0.7444
35.6692
0.2650
0.3131
0.4406
0.819366666667
20.6224
68.9152
0.0000
0.0416
0.0453
0.0514
0.08855
0.0969111111111
61.3087333333
0.4613
0.1451
75.7422
1.5893
4.9310
1.1688
73.5672
0.5784
0.2744
0.3282
0.2382
1.04085
10.2228
5.3055
0.7177
8.77525
0.4023
57.4307
0.5284
0.68235
0.2537
12.40835
0.0000
0.8035
0.0080
0.6728
0.0000
10.7078
0.2003
0.2227
0.5558
1.816275
9.3971625
0.5368
0.1640
0.6834
0.0000
0.4116
1.62563333333
31.7533
1.4980
0.2411
0.3235
3.575875
0.2104
0.828
0.0000
0.0000
0.3885
0.0716
0.2153
0.9156
1.0463
58.613
0.0000
0.0000
0.39135
0.0981
2.467
0.2930
0.3723
0.6135
0.868033333333
15.62938
0.0090
0.0437
0.6254
0.8256
0.9322375
27.3692
64.3134714286
4.9617
62.9794
1.8854
3.9773
0.5329
33.80675
0.7295
0.0512
0.68945
1.0705
49.5119833333
1.0739
0.1882
0.7206
0.818175
22.3967
0.2269
0.8375
7.6997
13.4942
37.51245
0.3845
2.03055
0.8364
4.0375
61.215575
0.4672
0.7142
0.2728
1.1972
1.0240
7.1193
0.2394
0.5156
1.3287
4.0134
0.3804
0.8224
1.3434
2.696
4.00985
0.1942
0.0165
0.0166
0.13655
0.16135
0.300922222222
0.0993
0.0000
0.0514
0.1344
0.1419
0.1776
0.353475
0.667766666667
0.8645
10.48765
11.64985
28.3986285714
0.3804
0.56975
0.0000
0.0
0.0
0.0
0.0
0.0
0.0
0.4420
0.0000
0.664
22.5405
0.6949
44.2778
0.2487
2.2308
35.8888666667
2.1472
4.1173
74.6597
0.0000
0.8571
1.105
1.8787
0.7662
55.5079
58.1706
1.4037
1.0344
1.3928
0.2153
0.2175
0.0618
0.9133
1.4816
0.7390
2.4580
0.2112
31.2954
0.1817
0.3141
7.6395
0.0000
0.1312
0.0000
0.2297
2.6190
0.3191
4.1979
0.8341
1.0005
0.3748
0.9772
1.5035
10.359
10.4602
10.5398
11.2496
12.35185
13.6626333333
14.1637
18.7785
19.0834
23.7949333333
31.9249333333
38.727205
40.8931711538
0.2569
2.5311
26.9449666667
1.5195
1.4183
1.6930
0.7499
4.2729
7.7119
42.6395
7.6104
1.2710
0.3663
6.8024
0.5850
18.54245
61.0474
0.2367
0.2296
0.1667
0.8011
0.1693
14.6291
0.6712
0.0538
0.0937
0.1154
0.6622
0.0000
0.7684
1.3509
34.8402333333
35.082725
2.1112
0.5662
73.9491
63.3834
0.2765
0.2312
0.4801
1.1243
1.4432
0.3923
0.4231
0.0000
0.7031
0.5670
0.4869
0.1891
0.0418
3.9614
0.5996
0.0000
7.4922
0.2515
1.2792
0.2321
0.0301
1.2771
0.2841
0.0000
0.2557
0.3300
5.1680
0.2994
64.1084
0.1462
1.7790
0.0252
0.0000
0.0000
0.0001
0.0000
0.7501
0.2493
0.0674
0.6155
0.6612
0.1396
0.0642
0.0947
0.1649
0.229575
0.4168125
5.85395
0.0547
0.5743
0.602566666667
1.2948
5.6583
14.5146
10.06605
16.4601
19.737
66.0685333333
2.2523
3.331
0.0084
60.2672
0.4305
0.8307
0.9837
20.6056
0.6635
0.0828
14.0705
0.6438
1.1655
2.9033
41.8907
59.4738333333
0.2880
36.50675
1.1908
1.94055
0.5909
0.9592
28.24175
32.71805
16.9395
34.3523
48.3910333333
0.9056
12.6898
0.0453
0.0462
0.166225
0.2440
0.51615
0.539933333333
0.2202
0.67795
0.1524
0.2501
72.9894
4.3812
68.1576
0.7932
0.0000
89.4091
1.6551
0.7132
0.5387
0.1063
1.95155
0.1680
0.3589
0.2021
2.52285
0.2543
0.8912
0.6048
0.2139
1.1406
0.4129
0.8016
0.7794
0.6943
1.8178
1.0182
0.1007
0.0693
0.1562
0.5465
62.304975
0.0254
63.2200
0.0330
0.3570
0.8400
0.1008
0.0000
0.0354
12.1505
0.0472
0.7855
0.7658
10.8824
12.4699
15.4919
27.82955
32.0704777778
44.6993
0.1457
0.7360
50.3766
0.3395
0.6431
1.71275
42.2649333333
0.2293
0.5439
0.5720
0.6040
0.8130
0.834766666667
1.0609
10.3893375
10.5340
11.6057
11.6325166667
13.7369857143
3.08756666667
25.680825
15.1007666667
35.8759625
42.71774625
0.0000
1.8630
48.96695
37.000225
67.97032
0.9378
0.3614
1.88435
0.6036
0.1100
0.2676
1.58585
22.1667166667
33.679
0.0314
1.07965
5.01146666667
0.1091
38.1028
0.1981
68.5255
19.3352
0.6546
0.2557
58.7603
2.6043
26.1234
36.3177333333
0.0075
0.1456
12.72135
0.5537
12.6300
0.0000
0.0000
0.0863
1.3464
0.8397
7.5972
0.4887
4.7167
0.4132
0.4112
1.8469
0.3423
0.5732
16.0826
39.095325
0.5042
0.55495
2.28043333333
0.2472
0.7837
0.3560
1.4456
0.0463
0.6620
0.6751
11.3246
16.9692166667
16.15378
0.2901
2.9549
31.1079
1.9148
10.69105
0.0173
0.0174
0.108125
0.6882
3.2741
0.8664
3.37295
4.5923
0.0000
0.0000
0.1365
0.6742
3.11335
0.2579
33.83715
0.7340
73.4041
0.3502
0.9866
21.48935
0.6408
72.8302
0.6165
1.32025
0.1447
0.62475
19.3076
0.5912
0.0000
0.0000
0.0996
3.1429
0.0000
0.0000
0.4826
0.0000
0.5033
0.7415
1.05486666667
1.1415
1.8928
13.2003
17.5532875
21.3951722222
18.7563555556
41.658955
54.3088666667
76.8291
0.3189
0.5986
0.2083
0.49825
0.0000
0.3065
0.5051
0.889366666667
0.0684
0.3225
39.347475
0.2439
2.1834
1.6624
1.9363
0.1717
0.50775
0.0000
0.0
0.1596
1.58595
0.0439
0.232
0.2362
0.6012
0.2314
32.60655
0.7677
3.23835
0.8925
0.97795
0.5196
9.31195
0.8668
35.62465
0.5793
0.1779
0.2212
4.232825
1.0799
39.05335
0.2549
4.50835
0.0000
0.0000
0.0000
0.0000
0.2086
0.2357
0.6772
13.09425
18.261592
0.0309
2.25395
0.6249
3.3862
0.7108
13.83475
12.9632666667
11.6685
0.2485
0.75005
0.7620
13.0962
24.2918333333
32.362725
0.0000
0.2902
0.0926
0.5361
0.0232
2.0174
5.16573333333
0.5202
0.8863
1.90615
41.0245
1.1890
0.6711
1.2672
35.8921
0.0491
0.3511
0.51745
0.62075
4.91158
53.16645
0.7956
0.9713
0.6221
11.53315
29.4100333333
23.6532
1.5092
0.0000
0.0000
0.0000
0.1628
0.2752
0.5201
0.6139
0.7179
0.9327
1.0270
10.0414
14.3917
14.4829833333
17.2177
17.7438
11.4094
20.57226
22.230575
23.1696
3.48
33.3942395833
36.4573
45.6157517857
46.5617939394
0.2790
0.9504
52.2446
71.2479333333
4.1018
2.6361
0.1758
0.8610
0.5130
0.0749
2.0295
0.0002
0.2330
0.7629
0.6453
0.0283
0.7498
2.1069
0.4602
3.3680
0.8810
66.1405
0.3886
2.8458
3.2820
2.0055
1.8840
0.1499
0.7426
30.43735
0.0000
0.0000
0.1386
0.2715
0.3810
55.0742
8.9293
0.9016
76.7101
5.8736
5.7826
0.2641
1.6714
0.2308
0.8167
7.7645
3.1545
0.6271
0.0699
29.5194
0.1115
0.7066
0.9534
0.1978
0.4451
0.6555
1.2561
1.2687
0.2695
0.8779
0.0328
0.0000
0.9933
22.4130
3.3401
31.5312
0.1356
0.1342
0.0000
0.4766
0.4817
0.89885
1.5096
21.0870583333
0.0000
0.1310
0.5479
0.6530
2.6534
0.0706
10.9339
3.1287
3.2483
0.0362
9.3519
17.7407
0.1669
2.9333
0.1557
0.0894
2.6294
4.0802
0.3186
2.6152
0.1266
0.0427
0.1442
0.7293
0.2383
0.5692
0.2444
0.4894
0.0000
3.3417
0.5687
0.5588
0.9328
0.6433
76.1900
0.1590
0.2423
0.0125
0.0077
3.2389
0.7916
22.0714
0.1785
1.4359
0.0000
0.5156
0.0862
0.1774
0.5614
0.3263
0.3315
0.1197
0.3340
0.9393
0.0548
0.0635
0.2319
0.35715
0.40585
0.4533
0.55095
0.786075
2.65903333333
9.76202857143
0.2218
0.2187
0.1831
0.7339
0.7680
1.03976666667
3.711425
14.8838
35.06075
23.2224666667
36.913225
0.1090
1.1403
0.0000
2.79415
38.5676
50.39145
0.5553
0.6243
0.2113
0.0000
0.0488
0.3908
0.4494
28.1494
0.0660
0.0681
0.16505
0.6369
2.994
45.5617
70.6329
2.9468
1.8403
0.3513
0.0000
0.0
0.0
0.0000
0.0
0.0
3.2263
0.0356
0.1108
68.6643
0.0000
0.0571
0.0000
0.3774
0.5412
0.0707
0.2819
0.4246
1.6504
2.67685
0.2379
0.9999
1.1042
1.39435
1.4302
11.34175
14.70455
20.4111
17.671
21.5320666667
11.4466
34.4049333333
51.8313166667
59.4914923077
0.0000
0.26365
0.0000
0.9498
6.1359
0.2173
0.7392
0.2918
0.2969
16.9874
30.90095
23.7174666667
32.446425
45.3350875
0.2896
2.41365
0.5831
1.2941
10.7767
37.03595
0.0000
0.0
0.0
9.277
0.0000
0.0333
0.1839
0.0000
0.0000
0.292
0.663833333333
1.5832
34.15745
0.5321
74.1472
0.0000
0.0000
0.0000
0.0000
0.0585
0.1236
0.17355
0.0965
0.38625
0.0000
0.0
0.0000
0.0000
0.2091
1.3024
13.64365
28.1909666667
45.6127
0.3771
3.50735
0.7649
0.3183
1.06835
1.4572
1.6303
32.9816
18.2719166667
0.2806
1.77585
10.1408
63.5505
69.8112888889
0.1718
0.4409
0.769125
0.2083
0.6792
20.393975
0.0680
0.1168
0.7935
2.006
23.5835125
0.1169
0.6807
49.5569666667
0.5787
1.7436
1.8316
10.3677
11.38925
16.565075
2.5330
17.6251
26.3851625
45.1271633333
0.2170
0.5324
0.0778
0.0887
0.79095
1.6897
10.0158
11.1116333333
11.92772
4.60996666667
51.645325
58.49331
0.2154
0.4158
1.27325
12.3855166667
12.7146
35.84985
0.4884
36.5724
0.0000
0.1530
0.82475
0.1919
0.4671
3.01935
0.2835
0.7796
0.0000
0.0839
0.2023
0.607225
1.5109
62.98405
0.0490
0.8885
1.4388
10.40325
0.0880
0.2354
0.0000
0.0000
0.1953
0.466733333333
8.16382
1.3092
2.4107
0.0000
0.0091
0.0284
0.0438
0.2228
0.797516666667
0.8582
0.6288
1.84605
2.3362
13.57985
29.65742
0.1045
2.22445
0.3241
0.69755
1.0940
45.1473
0.6013
3.11605
22.9293
39.40225
68.0061
0.1269
0.1903
0.7635
0.5986
1.6984
17.0706
5.40415
1.5994
15.6869
2.65345
15.3040833333
3.75138
0.8220
5.15205
0.0141
0.2869
2.3182
68.0866
0.2026
0.5115
1.9762
11.6748833333
0.3177
0.6467
1.080975
0.3347
41.20265
0.2767
1.153
0.2622
19.6133
11.299425
57.932575
71.1246
0.0278
0.0967
0.3139
0.6895
0.4842
1.65815
0.1721
0.4260
0.6137
4.40895
0.6649
1.3985
12.2752
0.0137
0.3613
0.4881
0.5474
0.7909
1.02755
1.1582
1.8068
10.85785
16.74105
21.7304125
25.3938833333
23.73764
29.0327
30.726275
43.659059375
46.7999708333
0.2152
0.1045
66.9165
11.0664
32.6894
0.1530
0.8887
1.0163
3.99365
0.1864
2.8013
0.2170
0.5003
0.644533333333
0.5198
2.28035
2.4621
35.02985
0.5749
55.4344
0.0000
0.0000
0.2591
0.7407
2.9126
4.98095
0.2146
0.5962
3.66765
0.2167
0.5659
2.31173333333
10.4454
21.00735
24.0807666667
62.65895
63.4491
0.0376
0.6779
9.32146666667
0.0000
0.0176
0.0432333333333
1.4582
0.3862
0.0000
0.6099
40.0807
0.1655
0.36845
8.3906
0.5166
0.7313
19.4974
14.83225
0.0000
0.7023
1.67775
1.8715
39.3631666667
0.1275
0.2450
1.0547
1.3211
0.2489
0.3201
0.5833
0.7890
0.96455
1.2072
1.99455
10.3182125
21.43365
13.679447619
25.3054
26.7009
22.57505
39.111375
47.166115
47.756645
0.1324
0.2706
0.79975
2.0600
30.93565
48.0036166667
75.2126428571
0.8599
0.2681
0.7400
3.887225
1.5815
0.0639
67.1262
0.4512
29.6259
0.0864
0.0000
1.9360
0.0000
0.7569
0.2105
0.3125
0.5789
2.4403
4.67865
0.1075
0.2983
1.5501
0.2923
0.1892
32.9879
0.1471
1.2552
24.1334
2.0746
1.7026
0.2633
48.2533
5.7840
0.3971
0.5517
0.2843
0.6544
11.55125
28.5468
39.65465
0.3686
0.3996
0.7499
0.7696
12.8634
11.76985
2.3612
27.2289
29.149744
0.6544
0.0363
0.6790
0.0612
0.7571
0.4969
0.6718
0.0162
2.1998
1.9146
0.0057
4.7311
0.4887
8.6678
0.3649
0.1851
0.2363
0.0143
0.2382
1.2744
3.6438
3.1535
10.5082
4.0538
0.9574
0.6009
0.6723
1.18405
42.0618666667
0.2498
0.6044
0.9337
0.9671
2.9517
16.3670333333
50.17984
0.8442
0.0000
0.6661
2.9187
15.64775
54.6474
0.7045
3.6125
31.7556
61.7291
1.1282
0.9887
0.3470
0.3841
0.1488
0.5769
2.06145
0.0000
0.6681
8.5528
9.8318
0.5695
3.2929
0.0504
0.3092
0.0000
0.0000
0.2475
0.1028
0.1257
0.9190
6.9873
0.1993
0.7271
0.0000
1.3960
0.0000
0.2461
0.2742
1.1670
0.9931
5.4641
2.4892
12.9054
1.5264
66.0260
2.2284
0.1019
0.3174
0.5187
2.0642
79.6174
0.0000
0.7997
59.0261
0.7525
0.2336
0.5791
0.7144
0.2925
0.3080
0.3641
0.7242
13.9930
24.9746
35.5831333333
47.77830625
53.25864375
4.3529
0.0171
0.2315
0.0000
0.3710
0.5030
5.2256
0.2402
0.2156
0.0000
0.3166
0.4028
37.14075
67.2416333333
0.0000
0.63
3.11673333333
0.0759
0.6696
0.0000
0.0
0.0170
0.10025
0.7276
0.2257
1.99785
0.2488
0.3962
7.53175
2.1880
32.13415
0.1051
15.61585
4.96303333333
0.1896
0.57725
16.4760
6.68311666667
0.0000
0.0
0.0821
0.0903
0.168825
0.1929
0.3623625
31.7444944444
0.0000
0.0000
0.0000
0.0000
0.0546
0.0635
0.1036
0.4638
1.017975
39.1660
0.3011
1.4638
0.9211
0.2253
0.1479
0.1834
1.9600
0.3861
0.8231
0.2162
0.2356
0.3791
0.5522
0.5789
0.0282
2.3872
0.0000
0.1890
0.0000
0.0000
0.4629
0.3240
4.9993
0.3359
0.0905
0.1204
0.1793
5.4236
81.69595
0.0000
0.0000
0.1482
1.0002
9.074575
6.6212
39.51635
1.8470
48.1057
0.4005
50.3336
0.0000
0.0385
0.1896
0.4745
0.8104
11.3929666667
15.5764
3.91365
43.7750416667
47.3949041667
0.0000
0.5297
0.6472
0.75
1.39716666667
21.28404
0.8582
16.8016
24.9104
40.78245
0.0000
0.0000
0.1893
0.0000
0.0
0.0000
0.0
0.1484
0.0000
0.0458
0.1943
0.2191
1.16195
1.7543
10.3507666667
24.49195
22.79932
32.3917785714
53.5641555556
1.0645
1.8385
11.3346
11.9526
14.9255
32.5569
32.205375
79.616775
0.0000
0.0000
0.0518
0.0000
0.0013
0.11245
0.908425
4.0782
0.0000
0.0
0.0
0.0
0.0
0.8510
2.5109
0.4064
0.9753
0.0000
0.7951
0.0000
0.0000
0.0234
67.3321
75.6116
0.1812
0.6759
0.8994
1.0887
18.2017
10.2386
33.8320
20.6862
27.6649
0.2736
0.85325
0.0630
1.5708
40.937
0.1461
0.1509
0.24605
0.27945
0.6895
11.228875
20.4436333333
16.3931
40.8275777778
0.1971
0.2387
0.2860
1.018275
28.3863125
0.0000
0.1058
1.0051
1.3945
10.6434
11.754
15.7567333333
37.6065875
40.2533875
0.0000
0.4456
0.477066666667
50.4918
0.0000
0.0000
0.1100
0.2936
1.003425
22.2496
0.0859
0.1981
0.2387
0.31245
0.4268
0.452233333333
0.4549
0.49093125
0.6148375
0.66315
0.738533333333
0.8386
0.915866666667
21.8069590909
0.8130
1.6483
1.8215
1.97736666667
41.41415
0.0325
0.0835
0.736175
0.4526
1.6724
2.95175
0.0000
0.2215
0.668533333333
1.7239
5.7405
0.4802
17.1602
0.0000
0.352
1.9858
43.44925
57.6032333333
1.5967
40.34665
0.0204
0.1736
10.9964
26.3061333333
0.3542
6.68505
0.6472
0.70695
2.7922
35.97505
0.2281
2.5076
17.1124
57.597
68.5061333333
0.0963
1.2032
1.4262
10.3742
11.2974
12.9847
13.1802
16.0328
18.235375
20.02592
21.7458666667
19.561325
26.3359666667
36.33965
38.8038392857
44.4189636364
0.2791
0.3923
30.17915
37.51345
0.7087
38.28685
2.1246
38.05475
0.3469
1.05025
0.4255
14.06985
6.89493333333
0.3717
0.9113
1.0632
1.8086
10.2752
10.62925
11.53645
18.5336
20.0580
13.33155
27.2190666667
28.0965777778
28.4472111111
29.7228166667
40.2723
48.1937166667
53.9121738462
11.3444
45.56645
0.1878
0.9131
5.4819
0.0000
0.0000
0.5735
0.7898
0.5019
2.0399
0.8801
1.3518
18.482
5.402375
0.1234
0.6604
0.6906
0.826533333333
1.1044
1.4928
18.46165
4.10305
5.85795714286
2.3689
0.0000
0.0177
0.6466
37.26755
0.3324
0.701
0.2275
1.0925
0.3079
0.6881
4.34163333333
8.0601
0.6203
3.0985
0.7060
36.9462
0.5594
0.2388
0.5785
0.7965
0.2561
0.8035
0.2255
0.8775
2.33955
0.2219
0.45605
0.5345
0.0750
0.9541
0.3923
0.3124
0.7594
1.3116
0.0624
0.0716
0.147925
0.4700
0.6143
3.105425
7.5665
0.8811
0.7099
0.4787
0.82445
1.58373333333
0.6416
0.2647
0.1942
39.07875
0.3907
0.8893
1.1057
0.1368
0.1759
68.63705
0.0192
13.46365
0.0299
1.23405
0.0864
0.4754
2.9885
3.7335
39.3512
19.3863
5.42515
0.0000
1.5601
0.2303
2.07715
0.6763
1.6455
0.0447
0.8109
15.6665
72.0295
0.5842
13.2296
34.0819
25.6633666667
0.1781
35.18795
4.4767
0.1753
1.6274
0.1283
0.2276
2.9507
0.0051
0.0092
0.3399
0.2520
71.7177
1.4883
0.2303
0.9593
0.2079
0.0000
75.3636
0.0922
0.3361
0.9158
0.9281
1.1764
12.2352916667
0.3445
0.4697
1.72075
21.9797
0.0489
0.4524
4.8328
0.5088
0.62245
0.3766
0.2809
0.2609
0.3361
60.6745
0.5161
4.7918
0.7069
1.3132
0.2366
0.6935
9.55085
67.6165
0.6642
71.7271
4.0454
72.7521
1.0025
0.2415
0.5097
10.1720
0.2723
0.4518
0.2367
0.7460
0.7684
0.2539
1.1890
0.1599
0.1483
0.5438
0.6981
0.6499
0.1273
71.8645
0.2926
0.3830
0.9906
0.3744
1.8537
2.1951
0.1790
1.0182
13.3494
18.28765
11.302975
27.26565
9.7517
62.6978
0.6699
0.9735
0.9780
1.3642
0.0000
0.0000
0.4544
0.0821
0.0000
0.0795
0.0000
0.2935
0.0962
11.1696
0.1941
0.0000
0.8190
23.9949
0.2374
0.9404
0.3730
0.3093
0.8033
4.4762
0.2796
2.9586
1.0199
4.2457
0.0655
0.6876
0.4826
1.3719
0.8871
0.1309
0.7800
0.7175
0.0000
0.0
0.0
0.6447
0.2711
4.6600
20.9660
13.9413
5.33133333333
0.1398
0.3204
37.95065
52.5565
0.2865
0.0000
0.6305
0.7029
0.0397
0.1520
0.3413
68.4802
3.1773
0.2227
0.2584
0.6120
0.2542
0.0000
0.2380
0.4697
0.4059
0.97945
63.2383333333
0.0642
0.8833
0.4607
0.1955
0.8579
3.72505
64.5740666667
0.1847
0.4386
0.0000
0.6546
0.92735
12.4547
0.4365
2.5457
0.2603
0.3209
60.3697
0.4891
0.4704
0.5352
2.0956
0.5806
8.87995
0.0000
0.0000
0.2613
0.4338
0.4381
1.07095
1.60323333333
10.4419
2.3121
2.92425
22.888125
37.0889
41.6268928571
57.8650416667
1.1559
65.5254
64.0974
0.3177
0.1753
0.0000
0.6704
0.5564
0.0536
2.8735
5.3719
0.0212
0.0214
0.064375
1.60785
17.2980
3.31915
39.0250666667
0.1223
0.70945
0.0000
0.6781
0.0000
0.0
0.7934
77.9155
0.7259
0.0000
0.0
0.0
0.7882
0.88855
1.5765
1.8338
1.8581
10.70545
12.1065
23.6873333333
26.54825
21.1217
33.3549
48.6378828571
57.8126283333
18.5161
12.7206
45.6968
1.2611
0.2522
1.6063
0.5237
66.1848
1.4347
0.0289
1.8862
0.0000
0.2867
1.8866
0.5633
0.7101
0.5754
0.0909
0.1164
0.1390
0.1982
0.2104
0.2184
0.2335
0.2947
0.3030
0.3839
0.4832
0.5494
0.5851
0.61845
0.6468
0.7024
0.7054
0.7400
0.7632
0.8049
0.8308
1.1180
1.40365
1.4219
1.5199
1.8542
1.9341625
10.79425
11.0040
12.20889
12.259225
12.3855
10.6472333333
12.9114
13.9750857143
14.4578
14.60355
15.7316666667
18.75478
21.1560611111
24.8162
24.91875
26.3418444444
29.8553541667
32.0749666667
33.4005625
35.0740840909
36.39073
43.2332666667
46.639631677
47.8219166667
49.2465364865
54.6593863222
0.8153
0.2163
0.9905
3.0702
37.7483
0.3865
35.0577
0.7239
0.7280
0.7296
10.5928
11.3233
11.9152
12.25385
12.30115
14.9740444444
16.6958583333
23.2179
18.59918
29.4192333333
36.5749410714
1.7569
34.23815
0.3914
1.1039
0.6241
0.6605
0.2558
0.3708
0.9992
2.947
0.3901
16.3905
0.1304
2.6974
0.3107
65.8571
37.05025
0.2284
1.2135
39.81325
65.00235
0.2475
0.6012
0.5263
0.0000
0.0000
0.0000
0.0000
0.22675
0.266366666667
0.305225
0.3162
0.3630
0.3695
0.379
0.402633333333
0.4457
0.4638
0.47964
0.550175
0.55295
0.656925
0.883225
1.6396
11.1818285714
16.26698625
17.46972
25.6406925926
38.1914270833
0.8603
11.9618
23.4422
34.980875
0.2616
1.8380
43.6677
0.0000
0.7614
8.1060
0.2286
0.84245
11.8126333333
6.365425
10.0644
10.2665
10.4294
15.87795
16.00595
23.27495
24.7066
35.7201444444
42.0160541667
0.5628
1.0388
2.7816
0.0000
0.46665
0.9241
4.5839
0.9679
3.76895
0.0418
0.1632
0.2978
0.0000
0.77025
0.7615
0.8772
1.9135
0.2534
31.0088
0.0000
0.5973
0.0382
1.1288
1.72185
13.2780666667
12.9131
2.8862
0.1482
72.3886
0.7409
3.1757
0.1136
0.0000
0.7188
4.94435
56.9254
70.6862
0.1666
0.1891
1.7734
1.92285
10.8221
10.8803
10.3367
11.6852
11.82165
13.8319
10.4505333333
16.1734
18.356575
21.7292
29.9732833333
29.9971740741
36.69861
44.2442083333
1.0220
2.41725
0.7744
0.4823
0.0000
70.94705
0.0000
0.1119
0.0002
0.0436
0.1809
0.526675
0.2436
0.8365
11.2821
2.29143333333
51.7064625
0.0354
1.84935
3.4849
0.6538
2.219
0.7075
1.33685
0.2224
32.59575
0.5121
0.6873
1.1231
11.6068
10.59265
13.303975
10.568075
14.1719
18.87279
2.6823
32.33725
27.2144666667
36.8114
44.5824666667
48.8318125
60.390697619
0.2110
0.77155
0.0000
0.0
0.0
0.0000
0.0000
0.2661
0.2256
1.2514
1.988475
3.16095
2.2686
7.41265
0.6179
2.067
0.3948
24.1407
39.6035
29.007
0.0000
0.0000
0.2063
0.0000
0.0
0.0000
0.0
0.2082
0.0000
0.5331
0.2694
0.6666
13.4641
10.44455
28.6395
71.330925
0.1043
0.2295
0.3257
0.7134
6.33715
7.16794166667
0.0000
0.0000
0.0033
0.0046
0.128466666667
0.6904
0.0000
0.5664
0.0000
0.3341
0.0195
0.7218
0.0328
66.92885
0.0000
0.0
0.0
0.3376
28.28725
0.2799
36.63795
0.6672
2.5131
0.4263
0.5674
0.7048
0.8208
1.06475
1.78343333333
23.6090142857
0.0943
1.3214
0.3626
17.07345
0.2348
0.5070
0.6258
2.56956666667
12.81885
0.7167
0.91345
11.0516
4.8817
26.435125
5.4302
0.7891
1.6384
0.1440
17.446
0.8724
42.3849
0.8253
0.8346
12.9594
25.990875
34.13605
5.84125
0.2175
0.3266
10.392
12.253
11.9824444444
0.2323
0.5138
5.1107
0.2822
0.62725
0.682366666667
2.05875
0.0000
4.84765
0.2085
1.0685
0.1230
0.61615
59.4198666667
0.2651
0.9266
0.2266
2.7361
0.0000
1.3531
37.74745
0.4763
13.0835
0.3746
0.66995
23.9862333333
12.1587
4.84075
1.6502
66.26535
0.7148
0.7509
2.6323
4.3019
50.11492
0.4884
1.00265
10.8057
16.8278
28.841
58.01575
1.4278
10.049
54.3120
0.3051
0.1739
0.5829
34.2025
0.7613
0.7534
0.1220
0.1783
0.6890
0.0269
0.1530
0.0000
0.2188
0.3716
0.6037
0.832966666667
34.9182333333
5.40364285714
0.0000
0.1228
0.8405
3.74705
0.3362
0.1573
46.4572
1.1773
1.4909
0.9332
0.1560
0.2279
0.5095
10.9010
3.4193
49.1608
0.5495
5.4767
0.8402
68.1652
0.8403
5.4781
1.1272
24.2973
17.8688
0.9740
0.6649
2.8502
0.3705
0.2437
0.2930
0.4163
10.35935
25.1260666667
17.8517
14.2123833333
26.6219428571
39.257775
63.9895888889
0.0231
0.12265
0.2008
0.5047
0.55085
0.5742
0.6807
1.35325
1.70776666667
2.46021666667
6.36276363636
0.4155
0.1880
69.7861
0.0000
0.6234
2.0103
0.2720
0.0000
0.0000
0.6091
0.0133
0.0437
72.9513
0.5138
0.9899
0.1513
0.2657
0.6279
0.0000
0.2008
0.3016
3.3621
1.0396
0.4366
0.4602
0.74855
7.59143333333
0.4664
0.0000
0.0000
0.3287
0.3808
0.4108
0.458166666667
0.6773
1.2429
1.6141
1.703
15.0629666667
2.23296666667
17.413425
27.1687857143
18.1637590909
23.66967
0.2329
0.5841
0.6137
0.5174
0.0692
0.1789
0.5560
0.68335
1.0457
10.76615
2.61176666667
34.516025
38.3412714286
0.0330
0.1692
0.9207
1.2615
0.1818
0.3873
1.80843333333
2.2189
66.5827
1.8797
3.5422
0.6526
2.7304
0.7325
0.4161
0.0676
1.2430
0.4420
0.0711
0.1311
0.4487
0.0607
0.4600
11.0562
0.2637
0.3021
0.6197
1.0423
1.54243333333
30.8597
43.0377266667
0.3604
2.1848
1.6262
7.08835
0.9099
2.3407
3.0254
1.1500
0.0000
0.0001
0.86365
0.3449
0.44985
0.5181
0.0217
1.9191
0.2340
1.2631
0.8848
1.3581
0.2835
0.0631
0.1250
0.2400
0.4912
33.00295
26.5928444444
0.2903
0.6519
0.71925
25.6833666667
65.3578
0.9994
0.6641
0.9860
0.7816
2.3508
1.0679
1.2803
0.1684
7.4544
0.6692
73.8311
0.5634
63.0305
0.0000
1.2226
0.4352
8.3099
1.3803
1.9819
0.3791
0.0764
0.8176
0.3027
3.5547
1.3563
0.1028
0.3153
2.25855
0.9616
0.0846
0.2255
0.4523
0.6211
0.7889
1.0678
2.2632
14.6032333333
21.5632
25.9598333333
40.37280625
42.078865
2.6116
69.20305
0.2105
0.71855
0.879466666667
1.0229
3.6834
59.1307666667
74.533575
0.6768
14.2971
1.8272
3.50065
10.8432
2.3610
2.65115
29.0917666667
38.7983375
19.7018
2.37465
27.5661333333
35.65365
0.7737
54.74165
0.1941
2.55955
0.0000
0.4424
3.4723
0.1224
0.32425
0.7418
4.1391
0.2480
2.8464
0.6196
2.3332
8.30493333333
0.2914
0.4143
0.6725
0.7619
1.273025
19.8203666667
0.0000
0.69655
0.0000
68.8182
0.1466
0.4484
0.6107
65.35145
3.0888
12.9301
87.7389
10.8585
0.3088
35.5794
0.9973
1.0667
0.3856
0.633
0.6645
5.5015
0.3095
0.9661
0.9773
1.517475
1.90175
2.98643333333
3.44138125
7.2910375
0.1401
0.2362
1.5345
24.9301
20.4540833333
17.1022
29.335125
38.6124125
0.2732
17.5425
0.5651
1.2066
1.3124
1.6721
0.0632
0.65515
0.2235
0.9922
1.18616666667
0.2733
64.87525
0.2144
0.9593
14.136875
21.695875
0.0971
7.61495
0.8105
2.3741
18.64425
2.5624
28.87265
6.91071666667
0.6822
0.776
1.2512
1.946025
1.2539
62.6672
0.2376
0.6183
0.1093
0.1109
0.189575
0.0000
0.0000
0.4058
0.90745
11.46096
0.4062
0.5001
0.7237
0.7727
13.95845
10.86005
11.15542
14.9502857143
5.3314
5.6883
0.7543
37.57925
0.5567
2.6178
0.0000
0.0
0.0
0.2704
0.2809
0.3434
0.50635
0.73155
0.7528
1.0664
1.2197
1.33468333333
1.39386666667
1.81278
14.0553
16.7961583333
21.18192
27.26099
44.3864666667
1.7795
11.6757
35.8063
38.2616666667
47.19298
0.2020
0.3071
0.7833
10.9765
15.4568166667
20.49622
32.564825
46.8015625
0.3026
1.56335
0.2942
0.0255
0.0320
0.16415
0.20725
0.375044444444
16.99865
0.2492
9.767
0.6901
0.87035
0.0000
0.0
0.0
0.0000
0.0000
0.0556
0.0000
0.6017
0.2770
4.1269
35.55685
0.6408
52.3379
0.0987
0.28755
2.5813
1.5117
5.8136
0.0079
0.21855
0.0677
0.2185
0.8381
0.2233
0.67095
0.6224
35.73005
73.6002333333
1.5758
2.75695
2.9693
35.47865
0.4320
9.4993
0.2421
0.2761
0.2940
0.74205
1.3962
2.4148
2.90146666667
10.93606
2.6075
6.63505
1.0878
2.7560
3.5826
50.3572
1.3981
2.0056
0.3972
1.0976
2.18853333333
0.3351
0.8688
63.6159
69.4739166667
1.2709
2.0006
65.6105
38.6293
0.2773
0.7328
0.9237
1.2572
1.60245
1.9458
11.4605222222
12.6355
13.0430388889
23.6851722222
11.1091
2.35145
0.5872
76.67025
1.6126
11.59125
13.6006
11.9324
38.6180222222
0.3980
0.87205
1.9998
64.71135
0.4446
1.64535
0.6935
38.6619
0.2743
0.68765
0.2601
0.4872
0.55395
0.651966666667
35.19835
28.2147333333
0.0146
0.6893
0.0000
0.0240
0.299
0.3009
0.647966666667
1.2913
13.8021571429
0.0000
0.1373
0.80865
0.0907
0.2024
0.0000
23.2592
0.3619
0.6625
1.5076
3.20956666667
4.4903375
0.2278
0.52425
0.0000
0.8207
0.0000
0.0000
0.1498
0.7339
23.2124
0.3587
0.8373
2.1997
0.1294
0.3568
0.2755
0.3164
0.7431
1.2165
0.0000
0.0
1.1484
0.0000
0.0000
0.2487
0.6544
0.0000
0.0000
0.2046
0.2572
0.6066
0.77465
0.784
1.4896
1.7224
10.1760
15.2935
16.336875
28.4014
31.7196375
37.2686583333
39.6273757143
0.1162
0.2090
0.2201
0.3773
0.3834
0.9497
1.355225
13.27985
12.6581
19.4015166667
22.363575
35.76574
41.5723666667
49.491266
0.3318
3.9377
0.0713
0.57895
10.8238
17.13985
2.0124
21.94335
19.5091555556
38.5073777778
0.0554
0.1974
0.6749
0.3278
2.9311
0.0000
0.0191
0.209533333333
0.25025
0.5020
11.8266
20.41096
48.3848714286
0.2140
24.37685
3.0932
30.2031
58.48445
1.4092
3.0716
0.2844
66.2557
0.3450
0.1293
0.1573
0.3783
0.5061
0.2649
0.8956
0.7400
15.8844
24.6725
33.7243
47.7557666667
53.071725
63.02929
1.3959
0.0446
64.0911
0.0884
0.2403
0.7736
0.7491
0.1705
0.8203
64.4668
0.8675
3.0847
0.2492
1.7406
0.5697
0.0000
0.7322
1.99946666667
0.2357
2.6266
1.8375
0.7866
0.8654
1.7813
0.8309
8.7707
0.0000
0.0000
0.2522
0.2404
0.8726
0.2417
1.3939
0.6972
0.2631
0.3775
0.1458
0.7202
12.6725
1.3536
0.7299
0.2920
0.2198
0.7551
0.9346
0.2390
0.2083
65.1390
0.3307
0.6864
3.9690
0.1641
0.1230
41.76255
0.1610
0.7962
4.934275
0.3944
0.0000
0.2919
17.8359
0.1443
0.0284
0.0068
14.6420
19.5223
0.2459
2.9644
0.3676
0.0843
0.2235
0.3070
8.7775
0.4108
0.1550
0.6967
0.7665
0.7772
1.4744
12.5273
12.9508
13.8037333333
22.190525
37.7553
40.10046
47.4360057143
56.4647875
0.3419
0.6301
0.6486
0.0000
0.0000
0.3610
0.0934
2.1604
0.0135
7.2798
0.0916
0.7235
1.0703
0.0000
0.0000
0.1163
8.24035
0.0000
0.0000
0.0634
0.2681
0.3179
0.0000
0.0
0.0
0.0000
0.0000
0.3606
0.9978
3.4625
0.6334
0.0459
0.6798
0.6040
0.6872
0.2870
0.9259
6.7598
0.6017
0.9067
0.5853
0.3713
2.0003
0.4197
13.9776
2.6858
88.6858
0.6602
0.1768
0.53585
0.768166666667
0.1931
0.42485
0.3575
0.5431
0.6659
1.82636666667
0.3057
0.5465
0.81075
3.131475
0.1413
0.78095
0.0887
0.4090
25.525475
35.477525
0.3090
0.3696
1.09685
0.0000
0.5183
1.89195
11.0403
25.7088111111
0.7290
0.7465
0.84265
11.1694333333
19.4914625
0.2728
0.8585
2.0095
45.36575
0.2094
0.78655
2.3616
3.0606
1.0102
2.7872
0.9655
1.0935
1.5177
13.7077
17.4544166667
22.1145
43.3799666667
45.9163625
0.2498
0.5053
0.6242
0.6269
0.68845
0.7372
0.7826
1.5477
1.9428
1.9725
10.37345
10.56125
12.755
17.6609833333
20.4168
22.626
20.9088
24.0399333333
30.3076666667
30.5626
34.884836
36.60186
39.5063992857
58.2116666667
1.4688
1.8141
10.7736
15.2117833333
21.44988
25.7194333333
0.4522
1.22245
10.3266
18.8678
19.346825
4.2454
57.4165
0.2821
0.6471
1.5872
1.7125
12.9982
15.0515
19.6974
31.90975
34.823525
42.778715
44.687875
49.4203694444
0.0000
0.271
11.4221
19.2547333333
18.1582375
30.2254166667
51.8297857143
1.7471
10.0672
37.58685
16.8294
3.94915
0.1855
0.7012
1.2463
12.684
3.8601
7.2723
7.6846
0.1518
82.6881
1.4195
0.1584
36.10865
29.695
0.0000
0.5590
1.10075
3.344675
0.0000
0.0
0.0
0.0000
0.0
0.0
0.0
0.0
0.5017
0.0000
0.0
0.0
0.0000
0.0
0.0
0.0478
10.6086
5.7456
0.0796
0.11705
0.879133333333
0.0014
0.33955
0.4375
0.0000
0.0000
0.1087
0.7402
14.2462
38.1932
50.2084333333
0.6673
3.14335
71.4615333333
1.5504
3.65085
52.8949333333
0.7899
38.07005
49.7867
0.0000
0.0
0.0048
1.03415
19.5527
0.3478
0.6683
2.55155
0.2512
0.2661
1.43185
2.35758333333
1.0613
0.0000
0.0000
0.2138
0.7822
2.1362
12.7637
47.6477
7.9895
0.6857
1.0073
0.0000
0.0
0.0968
0.81725
0.0251
0.59315
0.0126
0.74395
0.0000
0.2394
0.0078
0.01025
0.0132333333333
21.2867
41.9118
0.0000
0.0658
0.1080
0.2658
0.6607
0.67275
20.8085466667
0.6068
0.0000
0.0130
0.1160
77.7083
0.4130
36.57505
0.1673
0.7532
2.69223333333
0.2035
0.7975
0.92515
22.9278
0.1684
0.0000
1.7072
0.6458
11.4103
0.0734
0.2741
0.2239
0.82265
0.0423
0.2201
0.5788
3.5185
0.1252
0.0000
0.1551
0.2695
0.3145
0.73285
0.0000
2.7248
0.3990
0.66535
0.0411
0.29395
0.2464
0.8205
0.0942
0.1365
0.2625
0.492825
1.5180375
3.8879
40.0212
0.5835
0.7687
0.975525
0.1771
56.05335
0.5637
5.1206
33.72865
62.8266333333
0.0000
0.0000
0.0
0.0
0.0000
0.0000
0.0000
0.0000
0.0035
0.0116
0.1173
0.5782
0.626166666667
1.5111
11.1998
17.75985
19.6326
25.1586642857
25.3829909091
28.75335
40.0907983333
48.6033105882
0.7035
1.29785
2.0547
1.5577
0.6955
0.5987
2.93845
0.2029
0.6375
0.4459
0.4374
0.2151
0.8205
0.3282
0.0193
0.9145
0.2469
4.0664
2.4439
0.1945
0.2433
0.8507
0.9711
0.977033333333
2.0650
31.5311666667
56.415095
0.1637
12.9598
14.4488
53.9481666667
0.0000
0.0000
0.0000
0.1261
0.80965
0.9781
2.42972
2.59215
23.2820444444
48.9294
42.2589181818
1.0845
1.2517
3.31125
5.6804
17.6595
0.6847
0.2508
0.52165
0.3806
0.5434
0.3198
0.2525
0.7663
0.2432
4.7505
0.0928
6.6818
0.8241
81.0087
87.5830
0.6075
0.0258
1.1700
0.0612
0.3081
1.9077
0.2732
18.6084
0.1589
20.5428
1.9918
1.3206
0.3851
0.1099
0.5287
0.1618
0.7341
0.6748
0.2040
0.0720
0.0374
0.1453
0.5030
0.4414
65.4759
11.4999
1.9902
70.2295
2.6802
0.8545
19.5238
67.1501
69.6618
4.0837
0.3854
0.0621
0.0000
0.0000
1.2724
0.7853
0.7123
0.0942
0.3898
63.8221
1.2340
0.6048
3.3232
7.8515
0.8519
0.4181
0.4148
0.0536
0.0000
0.0000
0.0608
0.0051
0.0108
0.136075
5.01965
1.0005
0.0000
0.0000
0.63385
13.4859
22.2936166667
4.8333
27.4704666667
51.854105
0.8389
0.3280
0.1102
0.2325
0.824025
0.1155
0.0000
1.9540
0.0976
0.0000
0.1960
0.7005
0.8725
0.0329
0.0333
0.06125
0.722275
0.1148
0.4584
0.704625
0.0002
0.3028
0.7936
0.2804
0.9825
0.1889
7.4547
2.9657
0.1735
2.4259
0.2248
0.6849
0.5489
0.1512
2.5881
0.0262
2.7484
3.1373
0.6104
0.0282
0.0373
64.1105
68.4170
1.8392
0.0000
0.35965
0.0476
0.6791
0.0565
1.6243
0.3282
2.6947
0.2520
0.3096
0.1107
33.6903
0.1942
0.3644
0.0037
1.33345
0.0339
0.0365
0.1355
0.565525
0.64934
1.1726
19.36255
52.3905
16.6605666667
0.3926
0.4213
1.15515
10.7887333333
8.3722875
0.0000
5.9213
0.0066
0.78125
0.896233333333
33.12775
5.45458
0.2547
0.1380
0.2004
0.479
2.22355
0.5537
0.76335
0.1745
1.08535
0.3473
0.6801
2.7198
4.04908333333
0.5903
3.2340
66.0575
0.2726
0.0000
0.0
0.6914
0.2028
0.8099
1.346175
2.6792
33.4181
44.1793333333
63.940625
0.1407
0.4943
0.0144
0.5702
0.70335
0.73665
0.7793
0.8783
1.10535
1.23263333333
1.3520
1.5157
16.9275166667
36.8394818182
43.3489538462
42.3814714286
0.0000
0.2133
0.0391
0.3001
18.3459
21.6259833333
7.08486
0.3281
16.0854
35.7901
4.3977
54.3387
60.2516
0.0570
0.1787
0.9766
3.3778
23.049425
1.3529
1.9799
35.92
48.5229
62.8644
0.9269
2.0528
5.690975
1.9312
0.8362
3.6131
49.64125
0.0000
0.1756
0.2504
0.5786
0.927775
1.5332
20.29605
56.5462055556
0.1901
16.5834
34.55425
27.5956666667
55.217825
18.3715
0.3070
0.8157
0.1559
0.6151
0.0000
0.0000
0.0000
0.0000
0.0000
0.4496
0.5549
0.6192
1.27816666667
10.7033
16.3235125
25.61685
39.66505
42.7817571429
0.2020
0.2104
0.60865
14.7892333333
37.9120375
45.9395
0.0000
0.0000
0.3868
0.2082
2.2508
1.8528
6.6041
53.4747
0.5833
0.74625
0.1017
1.2023
35.1602
29.3214333333
37.6201375
0.6529
25.7542
28.62255
46.8762333333
0.3193
10.3555
10.7188
12.125
14.2433
17.3760
12.7755
27.72335
28.244325
28.7932
41.2188666667
44.176
48.56529
50.0170204545
0.4046
1.75785
0.6601
1.7535
0.0000
0.2498
0.0251
0.2589
1.05875
0.3189
0.8530
1.0158
2.4321
1.9530
2.2542
5.280525
1.0337
2.4035
32.892
46.7388333333
0.3148
0.2232
0.6036
0.7200
1.56965
1.80245
0.2249
1.39425
13.8906
2.6822
41.6098333333
54.11178
1.0140
30.8871
26.0927
0.0000
11.3801
19.1192
14.8903
41.1963111111
0.0000
0.3506
0.5505
0.56505
0.6044
0.723266666667
1.98985
18.2151
27.6140125
22.4504133333
22.6917818182
0.2240
0.3934
58.323625
22.3293
1.2069
1.5422
0.3835
72.8515
13.8385
0.5504
1.7219
0.0000
0.0000
0.0206
0.8512
0.0000
0.3834
63.2911333333
0.0000
0.7266
2.99723333333
0.0000
0.0
0.0000
0.0
0.2118
2.70755
0.0000
0.5173
2.9712
5.99885
0.0000
0.4804
0.0000
40.50325
0.0000
0.0000
0.1197
0.0501
0.0568
0.17095
0.3303
0.39185
0.0000
0.0000
0.0
0.0000
0.0000
0.0
0.0000
0.0000
0.0000
0.0000
0.0000
0.0000
0.0038
0.0222
0.0391
0.0414
0.0441
0.0454
0.0682
0.0737
0.0790
0.0811
0.0832
0.0844
0.0853
0.0888
0.0910
0.0916
0.0916
0.0930
0.0940
0.0972
0.0975
0.0987
0.0990
0.0995
0.1004
0.1017
0.1024
0.1038
0.1053
0.1081
0.1131
0.1231
0.1233
0.1238
0.1315
0.1323
0.1335
0.1340
0.13955
0.1573
0.1598
0.1607
0.1788
0.1788
0.1958
0.2037
0.2155
0.2233
0.226733333333
0.24575
0.2980
0.3020
0.3317
0.3469
0.3652
0.4201
0.4414
0.4730
0.4763
0.5042
0.5266
0.550675
0.5667
0.67465
0.7061
0.73
0.7382
0.7481
0.8046
0.8212
0.86075
0.871888888889
0.8794
0.8898
0.9113
0.9392
0.9506
0.9642
0.9654
0.97735
1.0239
1.0446
1.0588
1.0759
1.153575
1.1658
1.3130
1.3185
1.3489
1.36145
1.3704
1.3966
1.4270
1.4409
1.4609
1.4636
1.4811
1.5005
1.5255
1.5298
1.5300
1.5380
1.5788
1.6458
1.6872
1.7039
1.7370
1.7645
1.7654
1.7664
1.7703
1.7768
1.7845
1.7864
1.8101
1.8104
1.8349
1.8415
1.8466
1.8710
1.8843
1.92986666667
1.9359
1.94665
1.9587
1.9752
1.9906
10.00202
10.00495
10.0126
10.01695
10.0371
10.03995
10.04545
10.04755
10.0488
10.0504
10.05205
10.05275
10.0541
10.05615
10.06085
10.06255
10.0733
10.076925
10.0796
10.0855
10.09792
10.0986
10.12215
10.1304
10.13725
10.0633666667
10.1520
10.16065
10.16115
10.1812
10.1889
10.1972
10.2115
10.2138
10.22185
10.27085
10.2827
10.2893
10.2971
10.2997375
10.30305
10.31915
10.3931
10.4186
10.4347
10.4388
10.4425
10.4434
10.1762
10.4435666667
10.45775
10.4739833333
10.48165
10.4860
10.4929
10.4940666667
10.5057666667
10.5313
10.6441
10.7373
10.8466
10.8605
10.89665
10.913825
10.9751
11.09885
10.4786333333
11.21825
11.234225
11.305
11.3061
11.45075
11.4673
11.5922
11.6511
11.84435
11.9927875
12.079675
12.1223
12.1270666667
12.2971
12.3451
12.3648333333
12.43845
11.6544
12.464525
12.4794
12.493225
12.8310666667
12.94305
13.28323
13.3415083333
13.70055
13.8040222222
14.15965
14.4190111111
14.50412
14.5372625
14.6338166667
14.7175333333
14.8154428571
15.3063714286
15.776325
15.9674
16.0999666667
16.2752333333
16.4844833333
17.0531833333
17.0948
17.305115625
17.44905
17.5730833333
18.00284
18.0785333333
18.79754
19.4407916667
19.7028222222
20.3679
20.4491777778
21.162625
21.5742333333
21.674075
23.0495125
23.5303333333
23.6569125
23.705375
24.87295
24.926375
25.1162704545
25.2170666667
25.7666166667
25.8094083333
26.108168
26.4057857143
26.461285
27.004235
27.3186666667
27.9126916667
28.184125
28.75266
29.10219375
29.8410333333
29.93687
30.2698071429
30.3445952381
30.4966083333
31.2489738095
31.4303375
31.6105785714
31.9308875
32.003525
32.2941071429
33.1255962963
33.2742385714
33.5494071429
33.927659596
34.02565625
34.55979875
34.9160133333
35.0394969697
35.5392076923
35.9169875
36.1062731481
36.2044352941
36.2999529915
36.3279587302
37.3766403846
38.2014438095
38.2877038462
38.4830836439
38.5990403846
39.081950303
39.3528585561
39.6100903409
39.6729234615
40.2406862069
40.842714
41.3396231437
41.7862702842
42.02112
42.0948042347
42.2518104072
42.6205352183
42.8083244088
42.9634189809
43.3915938935
1.3287
1.6259
1.8792
10.0141
10.5519
11.2721
12.5046
10.5927666667
13.62755
14.28595
16.7077
17.632875
15.6733
2.1244
18.8445666667
25.714
27.2411
34.02045
37.9693178571
40.5817166667
51.9814298246
0.5913
0.8505
1.5489
24.5576
29.139575
0.0082
0.2928
0.3386
0.4188
0.5415
0.5660
0.741875
13.2653875
2.8272
14.133875
15.3560833333
26.2132404762
0.4581
0.6763
1.1379
12.4004666667
11.592275
13.37012
13.5325142857
24.932775
44.4565666667
56.95619
0.1129
0.1478
0.2351
0.3255
0.3295
0.5635
0.5945
0.6094
0.83825
1.0181
1.0297
1.0986
1.2503
1.284725
10.1205
10.3544
12.21505
12.9887
14.1095
14.5915
11.81655
19.1469
19.3492333333
19.705775
20.7816833333
27.8190333333
27.88262
33.34336
33.4576047619
34.5576666667
35.0326583333
41.897755102
41.935508
43.6972609524
46.8438909091
0.0000
0.1057
0.1249
0.1524
0.1901
0.2646
0.3550
0.45625
0.4887
0.49325
0.549733333333
0.56715
0.7799
0.857833333333
0.9042
1.0474
1.0848
1.32805
1.388675
1.61570625
11.4031
12.14985
13.7474733333
23.0335647727
34.05402
39.2821625
15.5651
42.9673189474
0.0265
0.0493
0.2765
0.4200
0.80525
2.00475
15.89808
20.1579888889
25.7466666667
0.1596
0.3417
0.4759
0.6549
0.6656
0.69435
0.7471
0.75215
0.7579
0.8875
1.0619
1.1930
1.4878
1.5305
1.9196
10.0521
10.6570833333
11.1914
11.8153
11.9536
12.03454
12.6043
14.63605
16.86935
18.1881
19.703
2.9721
21.5455833333
24.34675
25.645925
26.40065
27.268525
32.2688666667
33.1036916667
40.177735
41.221192
44.1992916667
48.706108
52.1520114286
57.1940923077
0.7502
1.0030
1.7349
12.5863
11.95815
16.99385
2.49405
25.4338583333
53.0784142857
59.77831
0.1050
2.5420
42.96635
0.4266
0.4965
0.5712
1.7916
30.198575
0.2691
0.3698
1.737075
0.6326
2.8049
0.6227
0.9967
0.1470
1.184
0.4297
0.9667
1.0303
3.55535
0.1488
0.4102
42.1864
0.1654
0.60385
0.8182
11.5479
0.6831
4.1957
0.6004
35.50655
0.1403
0.2836
0.740675
0.85325
67.6773
0.1736
0.5809
0.6572
3.29325
0.2470
0.39345
24.8504
0.0000
1.2302
2.2852
0.4980
11.6019
5.348075
0.2308
0.53245
0.2611
0.66885
1.1024
17.71885
0.2151
47.8696
0.2581
0.4736
0.0292
2.3662
3.46355
0.6357
0.7278
0.0234
0.1536
0.3336
0.43405
0.77595
30.31527
0.0000
0.0000
0.2322
2.5288
64.13215
0.0354
0.2177
0.7773
3.12281666667
1.0178
0.0000
0.5506
6.9828
0.2316
5.1532
3.1573
0.4483
1.80345
6.7752
1.1769
0.2149
1.1816
0.2796
2.7617
3.6681
0.8869
0.6512
33.9435
0.0063
0.6264
0.0000
0.0000
0.3826
0.6116
0.6910
0.8910
0.9145
1.1961
1.2207
1.7637
10.24785
11.3718
13.3249666667
10.93395
16.0733666667
16.40326
28.93051
32.3731
14.9959444444
34.1583148148
26.8506466667
55.9495372549
1.2603
18.08635
0.5717
9.53445
46.9975
0.1649
0.1047
67.1511
71.6076
0.2083
0.0900
0.3725
1.0527
0.0000
0.0680
11.4343
11.7289
18.1319
27.9661333333
71.20824
0.4911
0.0087
0.6561
1.1088
9.2343
0.2556
2.8657
0.0000
67.2655
0.0953
4.8414
19.4548
75.2563
1.5145
4.39225
47.4980333333
70.8991
0.0000
0.0068
0.11385
0.1204
0.2907
1.0214
1.15505
40.3985
0.2460
1.6293
0.2259
8.6258
0.1323
0.0673
0.6202
2.0978
0.0000
5.0023
0.2433
0.6895
10.1116
0.0060
0.8162
0.1840
0.1806
0.6297
0.3467
1.5177
1.0680
0.4242
1.6917
0.3203
0.2456
76.4229
0.4144
0.8756
3.4323
2.8031
0.0000
0.3367
0.4105
37.3983333333
0.9460
0.2579
0.3057
0.5467
0.861675
3.499225
4.3283
0.0000
0.0
0.0
0.0000
0.0
0.0059
0.0947
0.2509
0.3498
0.4413
0.668475
15.0916
15.1173
10.76198
16.0968375
16.6912833333
27.08245
14.1830136364
30.2803252747
3.9376
0.1774
0.2126
0.753
1.23726666667
30.047575
31.6868
39.6908333333
0.0000
2.0959
5.2554
0.6618
0.5099
9.0063
9.4945
0.0900
0.5760
32.4388
0.3535
0.4094
0.2276
1.1598
2.8959
0.5800
0.1586
1.2341
0.2753
0.3082
2.3662
0.0513
0.2031
0.7814
0.0219
0.2731
64.8075
0.3891
0.0375
1.5267
0.2641
0.5277
0.0000
1.2594
0.4773
0.3417
0.5953
0.6358
0.8293
12.20305
31.4249375
28.2757166667
37.1384428571
1.8085
0.0776
0.6793
0.5409
0.2200
0.55315
0.6524
0.5284
1.3773
0.1439
0.6817
2.7824
20.6264666667
0.2633
12.6496
3.0425
33.91085
45.87335
0.0689
0.0845
0.3060
0.4479
1.142025
20.1502125
32.4252833333
44.8267928571
45.0996888889
9.6671
0.6408
2.7588
0.3165
0.0307
2.2686
0.2200
0.0000
0.0732
69.1091
0.0373
67.3792
0.8495
0.2965
0.0000
27.7494
0.2676
0.0707
0.0000
6.0537
0.2215
66.6771
4.6982
5.3594
0.2202
0.1505
15.0347
0.0000
0.0000
0.2011
0.3695
1.2609
0.1591
0.2272
0.6539
3.5445
12.713625
0.2169
0.7614
0.0573
0.8983
12.10305
34.1717
0.3517
0.3888
0.4390
0.554075
0.5626
1.0120
12.9195416667
0.6357
2.5045
3.34183333333
0.0000
0.7224
0.829175
1.49065
1.6691
1.2796
61.4719
62.9805333333
0.1162
2.372
1.9663
14.8866
68.135075
0.3852
74.8236
0.0743
11.0241
3.2444
0.0627
6.2093
1.0030
0.6196
0.9359
0.2551
0.56595
0.0890
0.9005
2.33116666667
59.592575
0.5673
0.8192
63.25595
0.4945
8.20825
0.1251
0.2394
0.72725
0.5776
10.59405
30.6512333333
26.255225
0.1994
0.2257
0.2493
0.3259
0.7605
0.91915
0.950533333333
1.1484
1.3652
19.2212
38.21205
28.041
48.2815846154
0.5170
2.0511
41.4127
0.2570
0.5798
0.0000
12.9432
2.9010
27.32225
0.0910
0.5895
27.9079
0.4491
0.7266
42.0591
0.7618
37.34885
10.8191
8.60155
0.0913
0.2419
0.0711
40.07205
44.1422
0.0713
31.90005
58.7927
0.7669
3.7305
0.0396
0.1430
0.61845
4.6280
0.1480
0.5077
0.3977
0.8214
74.0347
0.6156
1.6888
0.7659
0.3055
0.2103
0.4076
1.243225
0.1346
0.32745
0.460133333333
0.4689
0.8200
23.718375
46.8235
0.0374
0.1188
1.30965
5.731825
0.1260
0.3610
0.857475
1.8667
19.2936
11.61585
13.7672
42.353
24.3713
34.4186
63.6223
0.1695
0.93345
1.0079
49.9612
33.0269
5.6572
0.0668
1.5792
12.1967
29.3845666667
0.7848
4.1891
59.25405
10.0545
51.7394
24.7354
76.0717
0.3706
1.7957
0.4533
4.2632
0.1346
1.2681
10.59885
11.14125
13.1747666667
25.894025
40.5989266667
70.52235
0.5045
4.01535
6.06063333333
2.3445
5.0005
0.1082
0.2942
2.1638
24.2013666667
36.8163
26.8425666667
26.524475
38.802
41.6037416667
10.4803
15.40045
39.7870666667
9.5863
1.1031
0.9540
0.1818
3.6620
8.0030
1.3959
1.7870
2.9875
69.8830
0.7644
51.70695
0.0061
0.3407
0.63175
3.0486
47.2541666667
0.2197
2.8913
0.0000
0.0000
0.2487
0.4936
70.16005
0.0000
0.0175
0.2103
0.3522
0.416725
0.0000
0.0000
0.6102
57.5312
0.0000
0.0000
0.2411
0.2553
0.3227
0.5291
0.8164
1.32695
0.1099
2.0199
2.78893333333
0.1345
0.2037
33.3983
65.805725
0.2238
0.2368
0.2686
0.4773
0.76815
0.8232
0.95025
10.6266
11.6451
12.2112666667
14.81985
22.9906375
32.05718
38.70275
47.6179857143
54.7103319444
0.0000
0.0994
0.6293
12.4772
10.8565
2.5466
39.9908
49.3122111111
29.9375041667
0.0000
0.0000
0.0000
0.0077
0.08365
0.14525
0.2908
0.5053
0.64625
0.672875
1.95867
10.2593
12.70042
34.9460071429
0.1211
0.3725
1.4729
56.7339
0.0000
0.0
0.0000
0.0
0.0
0.0000
0.0000
0.0557
0.0647
0.0911
0.2970
0.573866666667
0.6883
0.7231
0.8175
11.6559
12.08075
12.3487333333
12.4958
10.8939166667
14.377575
10.327575
17.45722
19.65336
18.9805833333
24.920225
25.5005428571
29.0720283333
33.2532722222
34.0738625
43.9072227273
49.0450731618
0.0000
0.0000
0.1586
0.9185
7.67664
0.0109
0.2314
0.5871
0.8584
11.8525
14.9097
26.5824166667
26.91655
45.539564
61.13402
0.6028
0.7005
0.8361
12.9512
17.13985
29.73347
40.8910571429
41.2946625
63.9816777778
0.6237
2.95495
1.4052
15.0665
2.42745
2.4495
23.3295666667
3.3820
33.52878
37.432425
49.6448208333
66.54316
0.2024
0.3109
1.3772
3.11975
24.524
0.2057
0.5998
0.0708
0.37675
1.3990
11.7042
0.7321
0.96695
0.4839
18.36045
25.7243
20.588475
19.49308
57.5871
2.7314
4.2424
0.5888
0.6403
0.84365
36.5246
0.5395
7.11985
0.9655
1.6579
0.7357
1.23425
0.6200
4.91335
0.2826
9.5826
2.2187
58.15405
0.4322
0.6294
1.34155
13.9552
76.48888
0.0000
0.0000
0.40045
0.0367
0.3166
0.0000
0.0000
0.0
0.1101
0.1992
0.2879
0.3658
0.4455
0.4877
0.5264
0.5954
0.7319
0.8961
10.7108
10.9234
10.2393083333
13.5397571429
14.5087
15.6177
17.5874833333
19.149125
14.151075
28.4382178571
33.01372
38.6747053333
49.149632
55.1878740741
0.4955
33.9709
0.2145
33.19285
0.0995
0.4566
0.3116
1.7506
0.8132
1.3405
0.2885
0.3214
0.76065
0.0113
0.76725
0.0000
0.528
22.0524333333
1.7826
11.3098
11.12715
11.9890
37.0510333333
38.8622875
61.4702333333
0.7770
3.1101
0.0377
0.0378
0.160875
0.8194
6.09795
63.98589
0.5258
4.7695
75.73925
5.8265
0.0362
8.56995
0.8385
75.89945
0.5848
0.7896
25.5469
0.0000
0.3114
1.8670
2.3816
74.6573666667
0.0001
0.77765
24.1428
0.2361
0.4912
0.0000
0.8499
0.3249
0.6288
0.4313
0.0000
0.0
0.0
0.0000
0.4832
9.5590
0.1463
0.7012
0.2903
74.3167
1.1273
4.5789
0.4745
69.4825
6.2079
35.8549
4.1986
3.3996
0.3574
0.8503
10.5830
0.6116
1.3728
0.2527
0.3674
0.6447
7.8397
0.5810
0.1480
0.0640
0.0648
0.20525
0.698725
1.3523
0.3641
19.4862
0.6678
1.5202
0.0000
5.4181
0.0000
3.2391
51.3994
0.7962
0.9051
2.4858
0.6214
0.1827
3.8113
0.1109
0.5707
0.6698
1.1590
4.0200
0.3423
0.9480
14.6413
40.6412
63.3643333333
4.1314
2.6212
1.7946
1.0128
1.0771
0.0185
0.1087
2.1928
62.4054
0.2550
0.5280
0.7139
2.8307
4.08425
2.9480
0.9683
0.2215
0.54095
0.5985
0.9478
2.72995
0.8143
0.2187
0.9306
0.1857
0.5440
0.2293
0.6969
0.6674
3.6958
0.5378
0.5660
0.1260
73.9921
0.5645
42.4577
0.4613
1.1226
0.2550
0.5806
0.0000
0.0046
8.8309
0.6177
0.0585
0.1777
19.8123
0.0000
2.9274
4.1623
0.6147
0.0000
70.5189
2.2961
0.7728
0.6720
4.6067
1.7277
0.1470
13.7087
0.7141
1.0023
2.6690
2.5507
0.0000
0.3037
0.0389
0.0693
0.0131
63.0002
0.2500
32.63105
0.0000
62.8494
0.0955
0.6017
0.2437
0.1505
0.6673
0.6953
0.9111
0.7839
2.4939
0.1615
0.1262
4.9076
63.2636
0.5239
0.2233
0.2433
0.5434
0.8047
13.1901
42.2707333333
0.7153
65.97725
0.5055
1.0365
32.532825
19.276375
0.2426
0.4020
0.6728
1.7951
2.9026375
0.7169
4.924
0.4110
11.9936
38.04
42.5519
52.1087875
0.0938
0.1273
1.0135
1.7519
12.4423166667
14.70932
30.9943583333
0.2669
1.9296
25.9626
11.366225
49.4842
0.3632
11.61215
10.2051666667
12.4750
16.2959
2.7035
30.5706625
44.80035
47.7259
0.2307
1.2268
12.4211
46.25995
0.0759
0.85115
1.8813
12.247225
2.0493
0.4299
0.0000
0.0000
0.0968
0.2542
0.2678
0.2914
0.9276
0.7438
0.2834
0.9437
0.0000
0.0000
0.5523
80.0051666667
0.5079
0.0000
0.0000
0.077325
0.1481
3.59315
5.59366666667
0.1547
0.6204
0.860933333333
0.3107
0.4327
0.45155
12.3874
44.64262
0.0000
0.0000
0.0000
0.0000
0.1294
0.1678
0.286
0.5843
0.7305
0.847025
1.61605
13.34855
33.963584
25.596854
35.9513933333
0.2078
3.01445
0.0000
0.0000
0.0102
0.0358
0.1588
0.1972
0.3074
0.3082
0.3158
0.4466
0.4534
0.4861
0.4984
0.55635
0.6463
0.6484
0.68985
0.7740
0.8968
0.9661
1.2047
1.2578
1.47285
1.8130
1.89
10.1037
10.1832833333
10.2107
10.2558
10.2781333333
10.4064
10.4581
10.4735
10.53025
10.5592
10.6200
10.9557333333
11.0091
11.0477
11.133
11.5720666667
11.736
12.2688
12.33555
13.07855
13.27965
11.9899875
15.01215
15.2284583333
15.1258714286
15.5808416667
17.42025
18.751
19.139625
21.594525
24.9584333333
25.22385
26.57575
28.5458625
31.7786
31.7873466667
34.733925
35.5088910714
36.6748833333
37.6223566667
39.8759
40.0842575758
42.4953564815
45.2169714286
45.7765207792
48.1555400463
49.1101015361
0.0192
0.07865
0.6809
11.2084833333
0.8050
22.603
0.4878
0.7459
30.0069333333
38.7371
36.18548
0.0147
0.9455
0.0000
0.7302
22.0311
72.8826666667
0.2980
0.6558
0.9758
0.4936
0.2126
0.1353
0.4707
4.9685
0.2126
0.744
0.0608
0.61545
6.4035
1.3577
0.2188
0.5173
11.03895
0.0077
0.4702
0.5654
1.3881
11.4764333333
18.7471
19.56615
35.2858714286
45.1339
0.0000
0.0827
62.0281
2.2165
10.9742
14.8308
38.79445
53.1947666667
64.2873125
73.0354333333
0.6749
1.65095
1.0106
17.1459
0.5340
5.1472
42.484975
18.3711
23.94505
0.4934
0.68025
3.1164
3.5819
70.6021
10.0093
10.6823
11.9455
16.4826
31.950475
25.43655
37.88832
60.3633277778
0.4488
2.471
53.5063
0.0050
1.3076
0.2481
0.2606
0.3782
0.40765
0.415216666667
0.5726
0.5829
0.6452
0.7720
0.8988
1.2073
1.25595
10.72867
11.1897
12.9560857143
13.9998
17.62785
15.6681833333
17.86765
11.8464555556
2.8280
19.948975
19.40205
16.9608
25.351324
26.7194166667
29.852375
32.9101706667
36.46053
40.35544375
43.89121
45.5815818182
50.3873242424
0.1718
0.5500
0.7068
2.4729
3.055325
1.0701
1.1756
12.965525
13.6784
10.77965
18.3655
23.91015
25.33406
32.410325
43.2806916667
0.0530
0.2286
0.2561
0.5152
1.39805
15.7420
18.88895
12.25728
11.9951
17.5978875
15.21617
20.7835181818
26.1321041667
0.0507
0.2696
0.5762
0.7237
0.7820
1.0804
1.1582
1.4913
1.5913
12.74165
14.3406
16.0723555556
20.61826
28.6784666667
42.5372512821
50.14725
6.8363
0.1624
0.0544
17.4384
0.7563
0.6097
0.9417
2.6734
72.1112
0.3574
0.2540
2.0356
3.301675
0.1486
0.3339
0.9842
0.0118
0.037
1.5102
0.0451
0.3368
0.0228
1.11715
0.6884
31.27915
0.2930
0.5130
0.1028
0.168
0.6884
0.2097
2.9419
0.0001
0.3129
0.3261
0.6682
0.7228
1.7139
1.7856
12.3173
14.1528
15.245325
18.0957
22.859275
32.7419
34.910275
33.7225533333
43.531075
47.9484875
49.08417
57.2416763889
0.2573
0.0214
0.0215
0.0223
0.0225
0.0339
0.03535
0.17109375
2.9772
0.7408
0.0497
0.1050
0.2330
0.6127
17.8352666667
3.65396
0.0021
0.0021
0.0021
0.0021
0.0329
0.0331
0.0748875
3.71065
0.0000
0.0000
0.0914
0.5328
1.0293
11.3023
10.6294
13.67645
37.4727888889
57.6452958333
65.443275
76.6339
0.0000
0.0
0.0000
0.0
0.6183
10.9404
40.0158
33.8089666667
0.9436
1.9841
0.2028
1.6189
0.5486
0.0001
0.1424
0.48865
3.7388
1.0010
4.3442
0.2586
1.12335
0.2769
1.11435
1.7665
37.7668
61.2181666667
0.0841
0.2158
0.8104
1.2717
3.257
0.5221
37.2885
0.2117
2.0752
1.2314
0.2628
0.3209
1.105925
0.2938
0.66095
1.7480
11.2992
3.8823
25.4037333333
34.79475
38.885375
53.8668466667
0.2704
4.2529
0.5841
0.69955
0.7570
2.05438333333
0.0000
0.0473
0.2917
0.7455
1.0109
1.0292
11.27365
36.8863416667
25.3248047619
0.4825
2.87835
0.4593
0.5253
1.73903333333
0.1533
5.39525
0.3199
1.0073
0.1324
2.2962
5.32016666667
0.8813
3.465
0.7331
2.16635
0.0973
43.40995
0.2390
0.3039
0.55595
0.62925
54.2473
0.0001
0.2657
0.95585
3.6426
41.7222222222
0.6773
0.9648
7.30545
0.2714
7.2816
0.9880
2.2036
0.0538
0.2339
0.62445
2.39556666667
0.0108
0.1998
0.2332
0.642933333333
3.87464
0.3589
0.6036
23.968975
0.0070
0.706
0.5667
1.1137
0.0953
0.6403
0.8620
1.0847
10.8294
14.17655
15.7568333333
12.81088
16.63425
18.6957
17.95565
29.9685833333
36.3858342857
38.1489083333
0.5485
22.21795
0.2350
0.27805
0.290566666667
0.3431
0.40286
0.41875
10.9880
31.92035
55.1005095238
0.1460
15.25045
17.6393
0.3265
0.9418
0.0121
0.3516
0.0997
0.163
0.1588
1.177
2.3997
0.2593
2.13665
0.5085
0.7116
1.8125
2.72926666667
0.5394
0.8405
1.66785
54.5691666667
0.3822
0.6035
0.1398
0.4762
0.0275
0.0445
0.175375
0.0000
0.0000
0.0637
0.5541
8.2588
0.2477
0.5472
0.6187
12.1207
7.98468888889
1.3121
0.9469
0.4288
0.3540
0.2137
1.2726
0.5758
0.4299
0.0001
0.3552
0.4672
0.7364
0.9089
0.9866
2.2616
14.4729
2.97055
27.02546
38.0856444444
0.2220
0.2976
0.3675
0.65285
0.837233333333
3.28157
0.0000
0.0000
0.1487
0.6985
0.1042
0.9361
0.3980
0.8520
0.6258
0.3218
0.2357
0.1326
2.9836
0.9974
0.9947
0.2772
1.8929
0.3067
6.0084
0.1682
0.3349
21.0139
0.8796
0.3920
0.6034
47.96195
29.1221
0.7680
0.2883
0.5292
0.3999
0.6822
0.3652
0.3960
0.5578
1.1604
24.2357
31.0634
0.3863
1.8948
0.1732
2.9012
1.2084
0.3447
1.0419
2.7347
0.7987
73.8300
1.0034
0.5852
5.1420
68.6358
50.0889
0.2551
0.4628
1.034875
0.9144
0.0001
0.1582
0.0000
0.0000
0.0000
0.0814
0.1351
0.9183
0.2395
31.9391
0.0000
0.8792
61.3324
0.2766
0.1787
0.0439
0.5559
0.5799
0.8250
0.6939
0.8399
80.4124
4.1639
2.6945
62.9881
0.6888
0.1001
0.0000
2.2097
1.1372
3.7455
29.25315
16.3464
31.7688
73.6656
0.0001
0.1571
0.1325
0.1931
4.5025
0.2685
0.0739
0.0000
0.2613
22.3479
2.9681
0.6471
3.0070
5.0165
0.0402
0.6608
0.1142
1.49825
0.0619
0.3421
0.4167
1.125825
11.784425
72.08945
65.2802
5.3881
53.824
0.4135
0.7873
4.5307
1.2382
1.6585
0.8672
0.5828
59.7957
65.3767
0.6481
41.1931
24.5585
1.8600
68.94025
1.7514
29.19875
0.1814
0.6366
0.9384
19.8103
40.039625
0.2551
67.4235
0.7243
9.2276
76.8038
0.6619
40.0978
0.7859
19.9339
0.4277
1.1398
4.7657
0.3015
4.5867
0.0000
0.8712
0.5765
0.6112
0.87925
0.9529
1.97625
11.97715
18.6112222222
19.6640
15.6983333333
16.48728
26.3240888889
0.2003
0.2149
0.7269
0.7849
0.8769
1.1775
12.7215
14.60965
25.0258875
25.2905
23.6693375
40.1998916667
42.68174375
0.0000
0.7121
0.786833333333
14.4693
20.12904
22.2554833333
1.8666
0.0000
0.2180
0.8561
23.2098
0.5695
0.75135
47.6584
0.2163
0.1685
0.5356
2.5385
3.16525
23.00805
0.3246
0.2737
0.9213
29.6816
47.927475
0.0000
0.0
0.0
0.0
0.0
0.0
0.0
0.0
0.0000
0.0
0.0
0.0
0.0
0.0
0.0
0.4379
2.32355
0.3001
0.7909
0.0000
0.0000
0.0546
0.3449
66.65785
0.2707
0.3425
0.858033333333
0.0000
0.0
0.0
0.0000
0.0000
0.1974
0.0000
0.0
0.0
0.0
0.0
0.0
0.0
0.0
0.0
3.2990
0.8325
1.3773
1.5623
25.6322
0.3021
63.5615
0.5744
0.2032
0.59425
0.0050
0.0457
0.114433333333
0.1184
0.2404
0.5181
0.9972
1.22195
13.2096
13.5819833333
15.76218
11.6881833333
14.0898142857
15.4605625
19.138875
11.06003
2.1789
17.1502833333
2.9194
23.4042555556
38.03304
39.4302196078
47.9004608696
59.6092375
0.1189
0.2703
0.2107
28.63395
0.5445
5.1899
0.3997
1.259
0.3372
0.70505
0.1130
0.69935
10.9275
2.6224
33.00065
42.0052666667
0.3147
1.1934
1.3777
1.9825
18.191
28.16608
46.364275
0.3767
2.09705
0.0681
0.08015
0.3884
28.12655
5.5084
0.6290
2.43785
0.0114
0.20655
0.2183
0.7059
0.7995
1.22113333333
1.4618
1.6269
1.683875
14.7952
15.0879
2.48005
28.15198
34.1937666667
36.0841
57.893396
59.8139733333
0.4051
0.6270
0.7759
0.89865
1.8589
11.49835
15.0406
18.3843333333
15.75104
2.3448
3.29225
31.71056875
33.2938666667
42.34061
43.0591208333
0.6576
59.6041
0.0811
0.1022
0.6073
0.6747
0.9019
1.0839
1.1529
1.4361
1.8030
10.26265
11.4907
12.4252
13.5346
16.8600666667
21.25205
22.6815666667
19.564125
23.6182777778
25.43204
29.5835766667
34.1492886364
41.8047
49.2463565217
0.0975
0.1269
0.1729
0.2450
0.2597
0.2835
0.3064
0.5735
0.8321
0.8840
10.1109
10.2021
10.5339
10.1903
10.58645
10.7793
11.4542
11.65165
11.7175
12.9781
11.6456333333
18.3204888889
18.8731
18.94365
22.8176
27.2162333333
23.1384266667
29.26115
33.30855
34.0482611111
34.6778866667
38.0398952381
42.6867861111
44.01247625
46.5368738562
52.9684214286
60.8084513514
0.0924
1.03915
0.6462
4.9539
0.4888
0.91605
7.42733333333
0.0220
1.94925
0.0988
0.5935
0.7559
0.7586
46.9197666667
65.49635
57.6187066667
0.4355
2.58255
49.0074666667
0.0850
1.58435
0.3622
32.9601
0.7133
0.0308
0.2167
0.2300
0.52965
28.8789
5.8489
0.8339
4.09475
0.7808
0.4497
1.20185
0.3294
1.37685
13.6575333333
0.4020
0.7781
0.3172
0.6886
0.8701
36.47375
0.0000
15.788
0.1355
0.82155
37.0445
5.8519
40.1223
0.0059
0.1791
0.1824
0.5519
0.5708
0.642775
0.6906
1.1927
1.5553125
10.7045166667
37.5031333333
6.38362
73.3781384615
0.7419
0.82955
1.8889
3.13915
0.1505
12.5979
3.9008
33.20955
32.8093833333
40.0466
41.02535
48.1459722222
0.5494
0.8444
2.0467
6.604
0.4578
0.6092
51.303725
0.1919
0.3179
11.5562
25.1421
17.62825
46.4901166667
2.1739
0.2547
0.2922
0.3200
0.7035
0.761525
0.9346
14.2902125
10.6554444444
32.1272777778
0.2754
1.0553
0.2637
2.9326
0.0087
0.065
0.3825
1.32695
0.0000
0.0
0.0
0.0000
0.0
0.0
0.0592
0.1015
0.7059
1.93705
2.731925
0.0000
0.0000
0.268075
0.96535
0.0918
0.25625
1.3739
35.92535
31.6049
0.4839
8.4401
71.2208
0.8711
10.4753
10.6055
31.8652666667
45.408975
59.16781
11.3360
34.91885
52.1935333333
21.1997
0.8885
0.1921
2.1209
0.9857
0.1376
0.1727
0.3950
0.7046
0.6747
0.4374
0.1630
0.9188
0.3248
0.1942
4.7574
3.8554
0.1786
0.4336
0.9506
4.2438
1.7017
0.0632
0.0000
5.4567
0.5346
0.0000
0.2579
0.1183
0.3617
0.2512
0.2096
0.9217
0.0326
0.8593
0.0000
0.9438
2.8920
0.5820
0.5690
0.2939
2.6492
0.7575
6.0208
2.1472
0.0638
2.0707
0.5838
9.2120
0.6205
0.6826
0.0661
0.1532
0.3359
0.752775
0.9281125
6.4809
0.1792
0.8889
74.4400
0.1633
36.09915
0.3076
0.2184
9.75905
0.0821
0.1930
0.2767
0.75055
51.4682
0.1488
2.5613
0.3795
0.0000
0.3172
1.6815
3.8656
1.1677
0.2496
0.6532
20.9530
15.8846
75.8934
0.3283
0.3005
0.5256
0.0400
0.2521
0.7620
76.8195
3.4657
2.9063
11.8995
0.6933
0.2658
0.2234
0.3176
0.2699
0.3496
11.35135
24.8307333333
0.3394
0.6258
40.39795
0.2668
0.7084
0.8571
2.0303
1.6830
0.1662
0.2819
0.2523
2.2686
0.0000
0.6856
0.0328
0.0000
0.5652
0.3504
0.0001
0.0937
68.3975
0.8030
2.0353
0.5864
3.2299
52.7366
0.2673
6.0993
0.1942
1.4067
0.2558
0.4532
0.7295
0.2198
0.5247
0.6024
1.0195
11.33285
17.57346
2.82501666667
35.1475071429
17.0579444444
0.0000
0.0095
0.0722
0.2561
0.2917
0.2945
0.4961
0.5519
0.557333333333
1.804825
11.09838
14.8347
17.0681714286
2.1715625
34.7247116667
0.0346
0.1369
0.76445
0.5735
3.3837
0.0000
0.0000
0.0
0.024
0.2831
0.61245
0.1801
0.1952
0.2122
0.5368
0.550025
0.587625
1.71741666667
2.1105
5.03592380952
1.8934
1.9599
24.30565
0.6306
31.26205
0.2244
24.39725
11.1689
14.1654
9.4788
32.4168
0.1624
0.6096
0.1940
1.64565
0.8243
0.7757
0.1431
0.0742
0.0432
0.0075
0.3015
0.7681
2.9916
9.8064
0.0000
0.5774
10.2465
11.09655
12.0378
18.4985833333
11.19064
45.4990857143
55.698675
0.7283
0.9132
3.83805
0.7665
42.3104
66.7935333333
0.8022
4.3245
51.491825
0.0753
0.55815
1.9502
2.2299
0.1970
0.97525
2.7758
0.7092
1.3776
0.2394
2.69075
7.1359
0.2223
0.3363
18.9395
19.2293
19.54222
3.5454
5.0992
2.0435
82.4089
0.3536
1.5265
7.6658
12.1653
1.2399
0.3014
0.2927
1.3396
1.9344
4.9902
0.0000
1.5684
0.6933
2.1854
0.6732
6.8730
0.6538
1.4045
0.3514
16.3556
0.6009
0.1293
0.1394
1.03645
1.4304
10.6524
4.38176666667
10.5271
10.24325
0.3273
0.3018
1.2150
2.3751
0.4799
34.16615
0.0000
0.0
0.0
0.0000
0.0
0.0
0.2443
0.7083
34.8188
26.38735
33.9403
0.5348
7.6505
0.9859
14.13045
0.9681
1.1424
1.892375
4.4265
3.0794
34.1232
26.18
21.858925
1.1535
3.1061
53.5461
0.1067
1.67545
0.2719
25.99905
22.4114333333
3.0706
4.4282
40.6764875
60.0581416667
65.9056
0.0000
1.0970
21.2313
0.5866
0.2475
0.4955
0.6267
0.1150
70.9588
0.2766
0.3230
0.93435
0.2527
0.4831
1.1097
1.62585
0.0902
0.7795
74.9101
0.3391
1.05635
0.1602
0.6736
0.84785
17.6739
0.3448
1.0588
0.6392
0.0000
0.6996
0.0978
0.30385
0.783866666667
0.1823
0.51945
0.0000
2.6148
0.1433
0.6049
0.5989
30.2308
0.0000
0.8887
0.6925
6.2423
1.1019
2.8494
18.177775
47.96185
0.0393
0.0398
0.19125
0.1603
0.2675
0.2667
0.0000
0.0
0.1056
1.7631
0.3840
0.0000
0.0
0.0000
0.0000
0.0000
0.0110
0.0477
0.16265
0.1776
0.52195
0.565433333333
0.58156
0.612975
0.6262
0.69587
0.7064
0.7843
1.127
1.2976
1.3860
1.499575
11.3714142857
28.3750875
35.2641616162
36.91942125
34.5982222222
0.0715
0.0720
0.1568
0.0072
1.9635
0.0000
0.0000
0.1186
0.0000
2.3848
0.0000
0.0
0.2276
0.56415
0.0000
70.6942
2.7292
0.2037
10.50685
0.1993
0.3346
0.570666666667
61.323625
0.2070
0.7083
0.2023
0.7609
0.6991
0.4005
6.7363
0.4808
0.5915
0.2937
0.7399
0.798033333333
0.8742
1.742775
37.9934
50.5155
0.2457
0.0000
0.9019
1.3077
1.0897
3.9324
2.5048
0.1226
0.0882
1.5975
0.8220
2.5426
0.2322
1.5913
10.3661666667
18.736525
0.7553
17.3316
0.9906
1.0201
0.6076
0.1882
0.0873
1.5779
0.2058
0.0950
0.0000
57.2895
0.0985
0.3268
0.9237
0.0000
0.3053
3.6012
0.2074
6.4525
0.4203
0.1844
0.1496
7.1006
3.0107
0.8623
0.6984
0.8754
5.0984
1.7224
0.6068
0.3780
0.3618
4.0077
0.4087
0.7768
0.6295
1.0494
21.1625
37.48795
41.8454
0.4287
0.6008
0.2034
64.8526
1.0677
0.0936
0.2171
0.1376
0.1903
0.0000
7.0242
0.1582
2.0380
1.8761
15.2797
1.3304
0.2240
0.0283
1.5016
1.7809
2.5586
1.8326
0.8739
0.4339
0.3615
0.1293
0.3718
0.7905
0.0000
1.1116
0.2151
0.0000
0.6473
0.1911
0.0000
1.7912
1.1601
0.0012
0.6867
2.4622
2.1790
63.2023
1.5977
0.2392
0.7354
0.1860
0.2939
8.1014
2.7714
0.3599
0.3727
0.3279
8.8982
1.9324
0.0000
0.0000
1.3364
0.4722
0.9637
0.1014
0.0000
73.9947
79.2856
0.0000
0.0000
0.0000
10.4416
0.0000
0.2328
37.87715
2.2653
0.1090
0.5611
0.985566666667
0.0000
1.7957
0.1672
0.2004
0.6218
0.6620
0.6938
0.7153
11.51745
2.2256
23.282525
35.3116
37.799425
58.0169833333
58.5497
64.0398678571
0.6438
0.7718
45.803925
65.5699
0.2589
0.5998
0.7763
1.0141
4.68082222222
0.2549
71.2507
0.0000
0.1604
0.0000
0.2074
0.2831
0.2971
0.6138
65.5025
0.0863
0.8108
0.8509
2.6285
0.1706
0.6525
0.1954
38.4910
0.3765
0.4274
0.2136
0.2606
2.3924
0.1817
0.5216
0.53795
1.23293333333
10.4777
27.7672666667
53.2528428571
0.6998
0.0000
0.0000
0.0057
0.1784
0.4844
0.6565
0.7973
0.8412
0.8468
1.6723
12.6567666667
10.208375
14.39695
15.4024
15.8647
20.5394
3.41783333333
31.0117733333
34.3088666667
37.233025
44.26153125
49.0322041667
51.9192907407
57.1156583333
0.1141
0.4677
0.6972
0.7971
10.13515
10.7841
37.212825
42.0371611111
0.3130
0.6292
0.987325
0.8061
3.35505
27.4360333333
0.0000
0.2347
0.76655
0.9079
0.0000
1.0628
45.0255
0.1130
0.4066
0.494433333333
1.93295
2.34842
4.74873333333
53.6599285714
0.2060
0.838
51.7986666667
0.2808
0.6811
1.9576
10.1727
14.7684666667
18.093375
25.9022
45.843225
54.0629777778
1.9251
0.0068
0.0576
1.8946
1.3734
5.8974
11.4050
0.6750
2.2631
0.0473
5.1364
1.5515
0.3072
2.1985
1.1328
65.40505
0.6475
0.0000
0.3826
0.7868
26.3760666667
26.8700
21.413725
53.79965
0.1397
0.0000
0.0854
0.23345
0.2766
0.353766666667
0.504508333333
0.7572
0.830985714286
1.5372375
22.4587444444
25.06414
37.5352
46.7329454545
58.4279642857
71.2097266667
0.6619
0.8391
1.5066
1.7182
1.75265
10.3321
10.1829
11.8382
12.496825
12.62694
13.0999428571
16.591935
28.9045583333
3.1747
41.4348107143
0.0829
0.41045
7.60703333333
1.0213
2.50865
0.3150
2.0431
24.7245666667
0.7958
19.4829
38.1193
0.1413
3.15205
